,date,open,close,high,low,volume
0,2026-01-21,6810.7099609375,6875.6201171875,6910.39013671875,6804.9599609375,3815060000
1,2026-01-20,6865.240234375,6796.85986328125,6871.169921875,6789.0498046875,5769500000
2,2026-01-16,6960.5400390625,6940.009765625,6967.2998046875,6925.08984375,5356550000
3,2026-01-15,6969.4599609375,6944.47021484375,6979.33984375,6937.93017578125,5114050000
4,2026-01-14,6937.41015625,6926.60009765625,6941.2998046875,6885.740234375,3368124000
5,2026-01-13,6977.41015625,6963.740234375,6985.830078125,6938.77001953125,5091730000
6,2026-01-12,6944.1201171875,6977.27001953125,6986.330078125,6934.06982421875,5019040000
7,2026-01-09,6927.830078125,6966.27978515625,6978.35986328125,6917.64013671875,5163900000
8,2026-01-08,6914.10986328125,6921.4599609375,6931.27978515625,6899.330078125,5333200000
9,2026-01-07,6945.06982421875,6920.93017578125,6965.68994140625,6919.18994140625,5214480000
10,2026-01-06,6908.02978515625,6944.81982421875,6948.68994140625,6904.02001953125,5509680000
11,2026-01-05,6892.18994140625,6902.0498046875,6920.3798828125,6891.56005859375,5771930000
12,2026-01-02,6878.10986328125,6858.47021484375,6894.8701171875,6824.31005859375,4184120000
13,2025-12-31,6898.81982421875,6845.5,6901.419921875,6844.5498046875,3261830000
14,2025-12-30,6900.43994140625,6896.240234375,6913.25,6893.47021484375,3309930000
15,2025-12-29,6903.60009765625,6905.740234375,6920.2099609375,6888.759765625,3541750000
16,2025-12-26,6936.02001953125,6929.93994140625,6945.77001953125,6921.60009765625,2586550000
17,2025-12-24,6904.91015625,6932.0498046875,6937.31982421875,6904.91015625,1798270000
18,2025-12-23,6872.41015625,6909.7900390625,6910.8798828125,6868.81005859375,3820560000
19,2025-12-22,6865.2099609375,6878.490234375,6882.02978515625,6855.740234375,4465030000
20,2025-12-19,6792.6201171875,6834.5,6840.02001953125,6792.6201171875,8554470000
21,2025-12-18,6778.06005859375,6774.759765625,6816.1298828125,6758.5,5101190000
22,2025-12-17,6802.8798828125,6721.43017578125,6812.259765625,6720.43017578125,3443631000
23,2025-12-16,6800.1201171875,6800.259765625,6819.27001953125,6759.740234375,4983180000
24,2025-12-15,6860.18994140625,6816.509765625,6861.58984375,6801.490234375,4975600000
25,2025-12-12,6886.85009765625,6827.41015625,6899.85009765625,6801.7900390625,4910160000
26,2025-12-11,6861.2998046875,6901.0,6903.4599609375,6833.4501953125,5021060000
27,2025-12-10,6833.490234375,6886.68017578125,6900.669921875,6824.68994140625,3514933000
28,2025-12-09,6840.60986328125,6840.509765625,6864.919921875,6837.43017578125,4508050000
29,2025-12-08,6875.2001953125,6846.509765625,6878.27001953125,6827.18994140625,4757130000
30,2025-12-05,6866.31982421875,6870.39990234375,6895.77978515625,6858.2900390625,4944560000
31,2025-12-04,6866.47021484375,6857.1201171875,6866.47021484375,6827.1201171875,4872440000
32,2025-12-03,6815.2900390625,6849.72021484375,6862.419921875,6810.43017578125,4736780000
33,2025-12-02,6830.9599609375,6829.3701171875,6851.5498046875,6806.7099609375,4582290000
34,2025-12-01,6812.2998046875,6812.6298828125,6843.64990234375,6799.93994140625,4549370000
35,2025-11-28,6822.52001953125,6849.08984375,6850.85986328125,6819.75,2558540000
36,2025-11-26,6793.5498046875,6812.60986328125,6831.43994140625,6783.8701171875,4485000000
37,2025-11-25,6697.02978515625,6765.8798828125,6776.39990234375,6659.97998046875,5003330000
38,2025-11-24,6636.5400390625,6705.1201171875,6715.75,6630.7001953125,6039740000
39,2025-11-21,6555.77001953125,6602.990234375,6660.0498046875,6521.919921875,5929930000
40,2025-11-20,6737.93017578125,6538.759765625,6770.35009765625,6534.0498046875,5596080000
41,2025-11-19,6625.83984375,6635.35986328125,6689.75,6618.47998046875,1044508000
42,2025-11-18,6641.18994140625,6617.31982421875,6666.6298828125,6574.31982421875,5159390000
43,2025-11-17,6713.60986328125,6672.41015625,6754.5,6638.89990234375,5204220000
44,2025-11-14,6672.14013671875,6734.10986328125,6774.31005859375,6646.8701171875,5042660000
45,2025-11-13,6826.47021484375,6737.490234375,6828.0498046875,6724.72021484375,5473720000
46,2025-11-12,6867.77001953125,6850.919921875,6869.91015625,6829.6201171875,5293610000
47,2025-11-11,6815.64013671875,6846.60986328125,6855.1298828125,6806.8701171875,4983490000
48,2025-11-10,6785.35986328125,6832.43017578125,6841.31982421875,6770.56005859375,5366050000
49,2025-11-07,6696.18017578125,6728.7998046875,6730.10986328125,6631.43994140625,5926070000
50,2025-11-06,6787.58984375,6720.31982421875,6796.68017578125,6707.509765625,6051900000
51,2025-11-05,6769.77001953125,6796.2900390625,6829.77978515625,6763.10986328125,5939600000
52,2025-11-04,6788.52001953125,6771.5498046875,6820.2099609375,6766.7099609375,3766080000
53,2025-11-03,6882.31982421875,6851.97021484375,6882.31982421875,6820.6201171875,6065720000
54,2025-10-31,6879.169921875,6840.2001953125,6879.169921875,6814.259765625,6398280000
55,2025-10-30,6860.5,6822.33984375,6880.75,6820.68994140625,6052700000
56,2025-10-29,6910.9501953125,6890.58984375,6920.33984375,6851.91015625,6280130000
57,2025-10-28,6897.740234375,6890.89013671875,6911.2998046875,6870.72998046875,5695930000
58,2025-10-27,6845.4599609375,6875.16015625,6877.27978515625,6843.93994140625,5290650000
59,2025-10-24,6772.06982421875,6791.68994140625,6807.10986328125,6772.06982421875,5058220000
60,2025-10-23,6703.64990234375,6738.43994140625,6749.52978515625,6700.14013671875,5565750000
61,2025-10-22,6741.33984375,6699.39990234375,6741.75,6655.68994140625,5710010000
62,2025-10-21,6736.75,6735.35009765625,6752.16015625,6722.02978515625,5245020000
63,2025-10-20,6690.0498046875,6735.1298828125,6744.35009765625,6690.0498046875,4672170000
64,2025-10-17,6613.27001953125,6664.009765625,6678.8798828125,6603.759765625,5358120000
65,2025-10-16,6689.02001953125,6629.06982421875,6709.33984375,6593.990234375,6048180000
66,2025-10-15,6688.27001953125,6671.06005859375,6724.1201171875,6612.10986328125,5633060000
67,2025-10-14,6602.490234375,6644.31005859375,6680.7001953125,6555.06982421875,5666920000
68,2025-10-13,6622.52978515625,6654.72021484375,6668.68017578125,6620.7099609375,5303960000
69,2025-10-10,6740.490234375,6552.509765625,6762.39990234375,6550.77978515625,6596610000
70,2025-10-09,6760.5,6735.10986328125,6764.580078125,6716.169921875,5385020000
71,2025-10-08,6723.8701171875,6753.72021484375,6755.64013671875,6718.08984375,5383130000
72,2025-10-07,6746.14013671875,6714.58984375,6754.490234375,6699.9599609375,5546150000
73,2025-10-06,6733.85986328125,6740.27978515625,6749.52001953125,6717.77978515625,5604460000
74,2025-10-03,6722.14013671875,6715.7900390625,6750.8701171875,6705.669921875,5713110000
75,2025-10-02,6731.31005859375,6715.35009765625,6731.93994140625,6693.22998046875,5416130000
76,2025-10-01,6664.919921875,6711.2001953125,6718.47998046875,6656.2001953125,6037950000
77,2025-09-30,6656.18994140625,6688.4599609375,6691.25,6641.0,6057210000
78,2025-09-29,6661.580078125,6661.2099609375,6677.31005859375,6644.490234375,5358760000
79,2025-09-26,6615.3798828125,6643.7001953125,6648.97021484375,6604.43017578125,5103110000
80,2025-09-25,6608.18994140625,6604.72021484375,6619.0,6569.22021484375,5874670000
81,2025-09-24,6669.7900390625,6637.97021484375,6672.66015625,6621.759765625,5459180000
82,2025-09-23,6692.43994140625,6656.919921875,6699.52001953125,6645.580078125,5633620000
83,2025-09-22,6654.27978515625,6693.75,6698.8798828125,6648.06982421875,5642620000
84,2025-09-19,6647.10986328125,6664.35986328125,6671.81982421875,6630.31005859375,9125960000
85,2025-09-18,6626.85009765625,6631.9599609375,6656.7998046875,6611.89013671875,5292400000
86,2025-09-17,6604.8701171875,6600.35009765625,6624.39013671875,6551.14990234375,5805340000
87,2025-09-16,6624.1298828125,6606.759765625,6626.990234375,6600.10986328125,5359510000
88,2025-09-15,6603.490234375,6615.27978515625,6619.6201171875,6602.06982421875,5045020000
89,2025-09-12,6590.66015625,6584.2900390625,6600.2099609375,6579.490234375,4641640000
90,2025-09-11,6554.41015625,6587.47021484375,6592.89013671875,6545.7998046875,5426460000
91,2025-09-10,6550.2900390625,6532.0400390625,6555.97021484375,6516.33984375,5253010000
92,2025-09-09,6503.330078125,6512.60986328125,6518.22998046875,6483.080078125,4798350000
93,2025-09-08,6498.08984375,6495.14990234375,6508.669921875,6483.2900390625,5211500000
94,2025-09-05,6529.080078125,6481.5,6532.64990234375,6443.97998046875,5066120000
95,2025-09-04,6456.60009765625,6502.080078125,6502.5400390625,6445.97998046875,4670770000
96,2025-09-03,6445.81982421875,6448.259765625,6453.669921875,6416.169921875,4465360000
97,2025-09-02,6401.509765625,6415.5400390625,6416.5400390625,6360.580078125,4784000000
98,2025-08-29,6489.27978515625,6460.259765625,6491.759765625,6444.56982421875,4234840000
99,2025-08-28,6483.83984375,6501.85986328125,6508.22998046875,6466.9599609375,4283760000
100,2025-08-27,6462.259765625,6481.39990234375,6487.06005859375,6457.83984375,4143680000
101,2025-08-26,6435.490234375,6465.93994140625,6468.3701171875,6429.2099609375,4867680000
102,2025-08-25,6457.669921875,6439.31982421875,6466.89013671875,6438.06005859375,4059070000
103,2025-08-22,6384.58984375,6466.91015625,6478.89013671875,6384.58984375,5046860000
104,2025-08-21,6380.830078125,6370.169921875,6393.64990234375,6352.7099609375,4013560000
105,2025-08-20,6406.6201171875,6395.77978515625,6408.39990234375,6343.85986328125,4470390000
106,2025-08-19,6446.240234375,6411.3701171875,6456.47998046875,6400.22021484375,4377440000
107,2025-08-18,6445.02001953125,6449.14990234375,6455.35009765625,6437.7001953125,4162290000
108,2025-08-15,6477.3798828125,6449.7998046875,6481.33984375,6441.85009765625,4575060000
109,2025-08-14,6453.4599609375,6468.5400390625,6473.919921875,6441.06982421875,4462050000
110,2025-08-13,6462.669921875,6466.580078125,6480.27978515625,6445.02001953125,5195950000
111,2025-08-12,6395.169921875,6445.759765625,6446.5498046875,6385.759765625,5135300000
112,2025-08-11,6389.669921875,6373.4501953125,6407.25,6364.06005859375,4652400000
113,2025-08-08,6355.22021484375,6389.4501953125,6395.16015625,6355.22021484375,4769910000
114,2025-08-07,6374.31982421875,6340.0,6389.7099609375,6310.31982421875,5306090000
115,2025-08-06,6309.2998046875,6345.06005859375,6352.830078125,6301.10986328125,5408560000
116,2025-08-05,6336.6298828125,6299.18994140625,6346.0,6289.3701171875,5517410000
117,2025-08-04,6271.7099609375,6329.93994140625,6330.68994140625,6271.7099609375,4842580000
118,2025-08-01,6287.27978515625,6238.009765625,6287.27978515625,6212.68994140625,5827150000
119,2025-07-31,6427.02001953125,6339.39013671875,6427.02001953125,6327.64013671875,6077080000
120,2025-07-30,6381.22998046875,6362.89990234375,6396.5400390625,6336.3798828125,5375070000
121,2025-07-29,6405.6201171875,6370.85986328125,6409.259765625,6363.919921875,5076120000
122,2025-07-28,6397.68994140625,6389.77001953125,6401.06982421875,6375.7900390625,4565620000
123,2025-07-25,6370.009765625,6388.64013671875,6395.81982421875,6368.52978515625,4470720000
124,2025-07-24,6368.60009765625,6363.35009765625,6381.31005859375,6360.56982421875,5282720000
125,2025-07-23,6326.89990234375,6358.91015625,6360.64013671875,6317.490234375,5642510000
126,2025-07-22,6306.60009765625,6309.6201171875,6316.1201171875,6281.7099609375,5662040000
127,2025-07-21,6304.740234375,6305.60009765625,6336.080078125,6303.7900390625,5010840000
128,2025-07-18,6312.9501953125,6296.7900390625,6315.60986328125,6285.27001953125,5184700000
129,2025-07-17,6263.39990234375,6297.35986328125,6304.68994140625,6262.27001953125,5512290000
130,2025-07-16,6254.5,6263.7001953125,6268.1201171875,6201.58984375,5177460000
131,2025-07-15,6295.2900390625,6243.759765625,6302.0400390625,6241.68017578125,5133670000
132,2025-07-14,6255.14990234375,6254.5498046875,6259.009765625,6239.22021484375,736448760
133,2025-07-11,6255.68017578125,6259.75,6269.43994140625,6237.60009765625,4656210000
134,2025-07-10,6266.7998046875,6280.4599609375,6290.22021484375,6251.43994140625,5367350000
135,2025-07-09,6243.330078125,6263.259765625,6269.16015625,6231.43017578125,4813340000
136,2025-07-08,6234.02978515625,6225.52001953125,6242.7001953125,6217.75,5739030000
137,2025-07-07,6259.0400390625,6229.97998046875,6262.06982421875,6201.0,5236740000
138,2025-07-03,6246.4599609375,6279.35009765625,6284.64990234375,6246.4599609375,3378110000
139,2025-07-02,6193.8798828125,6227.419921875,6227.60009765625,6188.2900390625,5645710000
140,2025-07-01,6187.25,6198.009765625,6210.77978515625,6177.97021484375,6275310000
141,2025-06-30,6193.35986328125,6204.9501953125,6215.080078125,6174.97021484375,5782900000
142,2025-06-27,6150.7001953125,6173.06982421875,6187.68017578125,6132.35009765625,7889350000
143,2025-06-26,6112.08984375,6141.02001953125,6146.52001953125,6107.27001953125,5308140000
144,2025-06-25,6104.22998046875,6092.16015625,6108.509765625,6080.08984375,5171110000
145,2025-06-24,6061.2099609375,6092.18017578125,6101.759765625,6059.25,5443690000
146,2025-06-23,5969.669921875,6025.169921875,6028.77001953125,5943.22998046875,5597000000
147,2025-06-20,5999.669921875,5967.83984375,6018.2001953125,5952.56005859375,7451500000
148,2025-06-18,5987.93017578125,5980.8701171875,6018.25,5971.89013671875,5106470000
149,2025-06-17,6012.14990234375,5982.72021484375,6023.25,5974.7998046875,4955700000
150,2025-06-16,6004.0,6033.10986328125,6050.830078125,6004.0,5111710000
151,2025-06-13,6000.56005859375,5976.97021484375,6026.16015625,5963.2099609375,5258910000
152,2025-06-12,6009.89990234375,6045.259765625,6045.43017578125,6003.8798828125,4669500000
153,2025-06-11,6049.3798828125,6022.240234375,6059.39990234375,6002.31982421875,5111550000
154,2025-06-10,6009.91015625,6038.81005859375,6043.009765625,6000.27978515625,4882880000
155,2025-06-09,6004.6298828125,6005.8798828125,6021.31005859375,5994.18017578125,4642360000
156,2025-06-06,5987.06005859375,6000.35986328125,6016.8701171875,5978.6298828125,4355710000
157,2025-06-05,5985.669921875,5939.2998046875,5999.7001953125,5921.2001953125,5091850000
158,2025-06-04,5978.93994140625,5970.81005859375,5990.47998046875,5966.10986328125,4767050000
159,2025-06-03,5938.56005859375,5970.3701171875,5981.35009765625,5929.0,5026680000
160,2025-06-02,5896.68017578125,5935.93994140625,5937.39990234375,5861.43017578125,4832240000
161,2025-05-30,5903.669921875,5911.68994140625,5922.14013671875,5843.66015625,6378540000
162,2025-05-29,5939.9599609375,5912.169921875,5943.1298828125,5873.7998046875,4569750000
163,2025-05-28,5925.5400390625,5888.5498046875,5939.919921875,5881.8798828125,4665050000
164,2025-05-27,5854.06982421875,5921.5400390625,5924.330078125,5854.06982421875,5366380000
165,2025-05-23,5781.89013671875,5802.81982421875,5829.509765625,5767.41015625,4662820000
166,2025-05-22,5841.259765625,5842.009765625,5878.080078125,5825.81982421875,5157050000
167,2025-05-21,5910.18017578125,5844.60986328125,5938.3701171875,5830.91015625,5254250000
168,2025-05-20,5944.66015625,5940.4599609375,5953.06005859375,5909.259765625,4416850000
169,2025-05-19,5902.8798828125,5963.60009765625,5968.60986328125,5895.68994140625,4144010000
170,2025-05-16,5929.08984375,5958.3798828125,5958.6201171875,5907.35986328125,4850850000
171,2025-05-15,5869.81982421875,5916.93017578125,5924.2099609375,5865.16015625,4991290000
172,2025-05-14,5896.740234375,5892.580078125,5906.5498046875,5872.10986328125,5233450000
173,2025-05-13,5854.14990234375,5886.5498046875,5906.64013671875,5845.02001953125,5516290000
174,2025-05-12,5807.2001953125,5844.18994140625,5845.3701171875,5786.080078125,6014580000
175,2025-05-09,5679.64990234375,5659.91015625,5691.68994140625,5644.14990234375,4645090000
176,2025-05-08,5663.60009765625,5663.93994140625,5720.10009765625,5635.3798828125,5627400000
177,2025-05-07,5614.18017578125,5631.27978515625,5654.72998046875,5578.64013671875,4987440000
178,2025-05-06,5605.8701171875,5606.91015625,5649.580078125,5586.0400390625,4717260000
179,2025-05-05,5655.31982421875,5650.3798828125,5683.3798828125,5634.47998046875,4358260000
180,2025-05-02,5645.8798828125,5686.669921875,5700.7001953125,5642.27978515625,4854380000
181,2025-05-01,5625.14013671875,5604.14013671875,5658.91015625,5597.35009765625,4935270000
182,2025-04-30,5499.43994140625,5569.06005859375,5581.83984375,5433.240234375,5449490000
183,2025-04-29,5508.8701171875,5560.830078125,5571.9501953125,5505.7001953125,4747150000
184,2025-04-28,5529.22021484375,5528.75,5553.66015625,5468.64013671875,4257880000
185,2025-04-25,5489.72998046875,5525.2099609375,5528.10986328125,5455.85986328125,4236580000
186,2025-04-24,5381.3798828125,5484.77001953125,5489.39990234375,5371.9599609375,4697710000
187,2025-04-23,5395.919921875,5375.85986328125,5469.68994140625,5356.169921875,5371390000
188,2025-04-22,5207.669921875,5287.759765625,5309.60986328125,5207.669921875,4666950000
189,2025-04-21,5232.93994140625,5158.2001953125,5232.93994140625,5101.6298828125,4226340000
190,2025-04-17,5305.4501953125,5282.7001953125,5328.31005859375,5255.580078125,4714880000
191,2025-04-16,5335.75,5275.7001953125,5367.240234375,5220.7900390625,4607750000
192,2025-04-15,5411.990234375,5396.6298828125,5450.41015625,5386.43994140625,4317110000
193,2025-04-14,5441.9599609375,5405.97021484375,5459.4599609375,5358.02001953125,5031440000
194,2025-04-11,5255.56005859375,5363.35986328125,5381.4599609375,5220.77001953125,5602550000
195,2025-04-10,5353.14990234375,5268.0498046875,5353.14990234375,5115.27001953125,6677140000
196,2025-04-09,4965.27978515625,5456.89990234375,5481.33984375,4948.43017578125,9489600000
197,2025-04-08,5193.56982421875,4982.77001953125,5267.47021484375,4910.419921875,7408140000
198,2025-04-07,4953.7900390625,5062.25,5246.56982421875,4835.0400390625,8691980000
199,2025-04-04,5292.14013671875,5074.080078125,5292.14013671875,5069.89990234375,8853500000
200,2025-04-03,5492.740234375,5396.52001953125,5499.52978515625,5390.830078125,7210470000
201,2025-04-02,5580.759765625,5670.97021484375,5695.31005859375,5571.47998046875,4243830000
202,2025-04-01,5597.52978515625,5633.06982421875,5650.56982421875,5558.52001953125,4434500000
203,2025-03-31,5527.91015625,5611.85009765625,5627.56005859375,5488.72998046875,5257250000
204,2025-03-28,5679.2001953125,5580.93994140625,5685.89013671875,5572.419921875,4513330000
205,2025-03-27,5695.64013671875,5693.31005859375,5732.27978515625,5670.93994140625,4403460000
206,2025-03-26,5771.66015625,5712.2001953125,5783.6201171875,5694.41015625,4183140000
207,2025-03-25,5775.9599609375,5776.64990234375,5786.9501953125,5760.419921875,4467340000
208,2025-03-24,5718.080078125,5767.56982421875,5775.14013671875,5718.080078125,4517990000
209,2025-03-21,5630.72998046875,5667.56005859375,5670.83984375,5603.10009765625,9367460000
210,2025-03-20,5646.919921875,5662.89013671875,5711.14990234375,5632.330078125,4678420000
211,2025-03-19,5632.3701171875,5675.2900390625,5715.330078125,5622.2001953125,4660090000
212,2025-03-18,5654.52978515625,5614.66015625,5654.52978515625,5597.759765625,4666270000
213,2025-03-17,5635.60009765625,5675.1201171875,5703.52001953125,5631.1201171875,5031770000
214,2025-03-14,5563.85009765625,5638.93994140625,5645.27001953125,5563.85009765625,4863180000
215,2025-03-13,5594.4501953125,5521.52001953125,5597.77978515625,5504.64990234375,5018980000
216,2025-03-12,5624.83984375,5599.2998046875,5642.18994140625,5546.08984375,5219830000
217,2025-03-11,5603.64990234375,5572.06982421875,5636.2998046875,5528.41015625,6221240000
218,2025-03-10,5705.3701171875,5614.56005859375,5705.3701171875,5564.02001953125,6409370000
219,2025-03-07,5726.009765625,5770.2001953125,5783.009765625,5666.2900390625,5705140000
220,2025-03-06,5785.8701171875,5738.52001953125,5812.080078125,5711.64013671875,5165080000
221,2025-03-05,5781.35986328125,5842.6298828125,5860.58984375,5742.35009765625,5285970000
222,2025-03-04,5811.97998046875,5778.14990234375,5865.080078125,5732.58984375,6138110000
223,2025-03-03,5968.330078125,5849.72021484375,5986.08984375,5810.91015625,5613850000
224,2025-02-28,5856.740234375,5954.5,5959.39990234375,5837.66015625,6441140000
225,2025-02-27,5981.8798828125,5861.56982421875,5993.68994140625,5858.77978515625,5057680000
226,2025-02-26,5970.8701171875,5956.06005859375,6009.81982421875,5932.68994140625,4869580000
227,2025-02-25,5982.72998046875,5955.25,5992.64990234375,5908.490234375,5374690000
228,2025-02-24,6026.68994140625,5983.25,6043.64990234375,5977.830078125,4990120000
229,2025-02-21,6114.10009765625,6013.1298828125,6114.81982421875,6008.56005859375,5434560000
230,2025-02-20,6134.5,6117.52001953125,6134.5,6084.58984375,4813690000
231,2025-02-19,6117.759765625,6144.14990234375,6147.43017578125,6111.14990234375,4562330000
232,2025-02-18,6121.60009765625,6129.580078125,6129.6298828125,6099.509765625,4684980000
233,2025-02-14,6115.52001953125,6114.6298828125,6127.47021484375,6107.6201171875,4335190000
234,2025-02-13,6060.58984375,6115.06982421875,6116.91015625,6050.9501953125,4763800000
235,2025-02-12,6025.080078125,6051.97021484375,6063.0,6003.0,4627960000
236,2025-02-11,6049.31982421875,6068.5,6076.27978515625,6042.33984375,4324880000
237,2025-02-10,6046.39990234375,6066.43994140625,6073.3798828125,6044.83984375,4458760000
238,2025-02-07,6083.1298828125,6025.990234375,6101.27978515625,6019.9599609375,4766900000
239,2025-02-06,6072.22021484375,6083.56982421875,6084.02978515625,6046.830078125,4847120000
240,2025-02-05,6020.4501953125,6061.47998046875,6062.85986328125,6007.06005859375,4756250000
241,2025-02-04,5998.14013671875,6037.8798828125,6042.47998046875,5990.8701171875,4410160000
242,2025-02-03,5969.64990234375,5994.56982421875,6022.1298828125,5923.93017578125,4797210000
243,2025-01-31,6096.7900390625,6040.52978515625,6120.91015625,6030.93017578125,4843770000
244,2025-01-30,6050.75,6071.169921875,6086.64013671875,6027.4599609375,4634620000
245,2025-01-29,6057.7001953125,6039.31005859375,6062.830078125,6012.9599609375,4115310000
246,2025-01-28,6026.97021484375,6067.7001953125,6074.5400390625,5994.6298828125,4473640000
247,2025-01-27,5969.0400390625,6012.27978515625,6017.169921875,5962.919921875,5198750000
248,2025-01-24,6121.43017578125,6101.240234375,6128.18017578125,6088.740234375,4214250000
249,2025-01-23,6076.31982421875,6118.7099609375,6118.72998046875,6074.669921875,4432250000
250,2025-01-22,6081.39013671875,6086.3701171875,6100.81005859375,6076.1298828125,4323040000
251,2025-01-21,6014.1201171875,6049.240234375,6051.509765625,6006.8798828125,4702920000
252,2025-01-17,5995.39990234375,5996.66015625,6014.9599609375,5978.43994140625,4366830000
253,2025-01-16,5963.60986328125,5937.33984375,5964.68994140625,5930.72021484375,4285810000
254,2025-01-15,5905.2099609375,5949.91015625,5960.60986328125,5905.2099609375,4544570000
255,2025-01-14,5859.27001953125,5842.91015625,5871.919921875,5805.419921875,4142280000
256,2025-01-13,5782.02001953125,5836.22021484375,5838.60986328125,5773.31005859375,4421200000
257,2025-01-10,5890.35009765625,5827.0400390625,5890.35009765625,5807.77978515625,4751930000
258,2025-01-08,5910.66015625,5918.25,5927.89013671875,5874.77978515625,4441740000
259,2025-01-07,5993.259765625,5909.02978515625,6000.68017578125,5890.68017578125,4517330000
260,2025-01-06,5982.81005859375,5975.3798828125,6021.0400390625,5960.009765625,4940120000
261,2025-01-03,5891.06982421875,5942.47021484375,5949.33984375,5888.66015625,3667340000
262,2025-01-02,5903.259765625,5868.5498046875,5935.08984375,5829.52978515625,3621680000
263,2024-12-31,5919.740234375,5881.6298828125,5929.740234375,5868.85986328125,3128350000
264,2024-12-30,5920.669921875,5906.93994140625,5940.7900390625,5869.16015625,3433250000
265,2024-12-27,6006.169921875,5970.83984375,6006.169921875,5932.9501953125,3159610000
266,2024-12-26,6024.97021484375,6037.58984375,6049.75,6007.3701171875,2904530000
267,2024-12-24,5984.6298828125,6040.0400390625,6040.10009765625,5981.43994140625,1757720000
268,2024-12-23,5940.25,5974.06982421875,5978.25,5902.56982421875,3593280000
269,2024-12-20,5842.0,5930.85009765625,5982.06005859375,5832.2998046875,8223220000
270,2024-12-19,5912.7099609375,5867.080078125,5935.52001953125,5866.06982421875,4896880000
271,2024-12-18,6047.64990234375,5872.16015625,6070.669921875,5867.7900390625,5246960000
272,2024-12-17,6052.5498046875,6050.60986328125,6057.68017578125,6035.18994140625,4544500000
273,2024-12-16,6063.7900390625,6074.080078125,6085.18994140625,6059.14013671875,4391100000
274,2024-12-13,6068.169921875,6051.08984375,6078.580078125,6035.77001953125,3584960000
275,2024-12-12,6074.2900390625,6051.25,6079.68017578125,6051.25,3678010000
276,2024-12-11,6060.14990234375,6084.18994140625,6092.58984375,6060.14990234375,4269950000
277,2024-12-10,6057.58984375,6034.91015625,6065.39990234375,6029.89013671875,4048410000
278,2024-12-09,6083.009765625,6052.85009765625,6088.509765625,6048.6298828125,4556460000
279,2024-12-06,6081.3798828125,6090.27001953125,6099.97021484375,6079.97998046875,3924830000
280,2024-12-05,6089.02978515625,6075.10986328125,6094.5498046875,6072.89990234375,4212020000
281,2024-12-04,6069.39013671875,6086.490234375,6089.83984375,6061.06005859375,4003390000
282,2024-12-03,6042.97021484375,6049.8798828125,6052.06982421875,6033.39013671875,4095000000
283,2024-12-02,6040.10986328125,6047.14990234375,6053.580078125,6035.330078125,4412470000
284,2024-11-29,6003.97998046875,6032.3798828125,6044.169921875,6003.97998046875,2444420000
285,2024-11-27,6014.10986328125,5998.740234375,6020.16015625,5984.8701171875,3363340000
286,2024-11-26,6000.02978515625,6021.6298828125,6025.419921875,5992.27001953125,3835170000
287,2024-11-25,5992.27978515625,5987.3701171875,6020.75,5963.91015625,5633150000
288,2024-11-22,5944.35986328125,5969.33984375,5972.89990234375,5944.35986328125,4141420000
289,2024-11-21,5940.580078125,5948.7099609375,5963.31982421875,5887.259765625,4230120000
290,2024-11-20,5914.33984375,5917.10986328125,5920.669921875,5860.56005859375,3772620000
291,2024-11-19,5870.0498046875,5916.97998046875,5923.509765625,5855.2900390625,4036940000
292,2024-11-18,5874.169921875,5893.6201171875,5908.1201171875,5865.9501953125,3983860000
293,2024-11-15,5912.7900390625,5870.6201171875,5915.31982421875,5853.009765625,4590960000
294,2024-11-14,5989.68017578125,5949.169921875,5993.8798828125,5942.27978515625,4184570000
295,2024-11-13,5985.75,5985.3798828125,6008.18994140625,5965.91015625,4220180000
296,2024-11-12,6003.60009765625,5983.990234375,6009.919921875,5960.080078125,4243400000
297,2024-11-11,6008.85986328125,6001.35009765625,6017.31005859375,5986.68994140625,4333000000
298,2024-11-08,5976.759765625,5995.5400390625,6012.4501953125,5976.759765625,4666740000
299,2024-11-07,5947.2099609375,5973.10009765625,5983.83984375,5947.2099609375,4925740000
300,2024-11-06,5864.89013671875,5929.0400390625,5936.14013671875,5864.89013671875,6329530000
301,2024-11-05,5722.43017578125,5782.759765625,5783.43994140625,5722.10009765625,3768310000
302,2024-11-04,5725.14990234375,5712.68994140625,5741.43017578125,5696.509765625,3602060000
303,2024-11-01,5723.22021484375,5728.7998046875,5772.52001953125,5723.22021484375,3796450000
304,2024-10-31,5775.33984375,5705.4501953125,5775.33984375,5702.85986328125,4425660000
305,2024-10-30,5832.64990234375,5813.669921875,5850.93994140625,5811.27978515625,3851120000
306,2024-10-29,5819.68017578125,5832.919921875,5847.18994140625,5802.169921875,3879100000
307,2024-10-28,5833.93017578125,5823.52001953125,5842.919921875,5823.080078125,3691280000
308,2024-10-25,5826.75,5808.1201171875,5862.81982421875,5799.97998046875,3501280000
309,2024-10-24,5817.7998046875,5809.85986328125,5817.7998046875,5784.919921875,3543030000
310,2024-10-23,5834.5,5797.419921875,5834.85009765625,5762.41015625,3532650000
311,2024-10-22,5832.7001953125,5851.2001953125,5863.0400390625,5821.169921875,3342080000
312,2024-10-21,5857.81982421875,5853.97998046875,5866.919921875,5824.7900390625,3407010000
313,2024-10-18,5859.43017578125,5864.669921875,5872.169921875,5846.10986328125,3374490000
314,2024-10-17,5875.6201171875,5841.47021484375,5878.4599609375,5840.25,3480010000
315,2024-10-16,5816.580078125,5842.47021484375,5846.52001953125,5808.33984375,3467230000
316,2024-10-15,5866.740234375,5815.259765625,5870.35986328125,5804.47998046875,3882120000
317,2024-10-14,5829.81005859375,5859.85009765625,5871.41015625,5829.56982421875,3005250000
318,2024-10-11,5775.08984375,5815.02978515625,5822.1298828125,5775.08984375,3208720000
319,2024-10-10,5778.35986328125,5780.0498046875,5795.02978515625,5764.759765625,3208790000
320,2024-10-09,5751.7998046875,5792.0400390625,5796.7998046875,5745.02001953125,3650340000
321,2024-10-08,5719.14013671875,5751.1298828125,5757.60009765625,5714.56005859375,3393400000
322,2024-10-07,5737.7998046875,5695.93994140625,5739.33984375,5686.85009765625,3637790000
323,2024-10-04,5737.47998046875,5751.06982421875,5753.2099609375,5702.830078125,3479400000
324,2024-10-03,5698.18994140625,5699.93994140625,5718.77978515625,5677.3701171875,3597450000
325,2024-10-02,5698.14013671875,5709.5400390625,5719.6298828125,5674.0,3829050000
326,2024-10-01,5757.72998046875,5708.75,5757.72998046875,5681.27978515625,4025180000
327,2024-09-30,5726.52001953125,5762.47998046875,5765.14013671875,5703.52978515625,4425730000
328,2024-09-27,5755.35986328125,5738.169921875,5763.77978515625,5727.33984375,3898530000
329,2024-09-26,5762.22021484375,5745.3701171875,5767.3701171875,5721.009765625,4391180000
330,2024-09-25,5733.64990234375,5722.259765625,5741.02978515625,5712.06005859375,3624910000
331,2024-09-24,5727.66015625,5732.93017578125,5735.31982421875,5698.990234375,3872710000
332,2024-09-23,5711.89990234375,5718.56982421875,5725.35986328125,5704.22021484375,3529550000
333,2024-09-20,5709.64013671875,5702.5498046875,5715.14013671875,5674.490234375,7867260000
334,2024-09-19,5702.6298828125,5713.64013671875,5733.56982421875,5686.419921875,4024530000
335,2024-09-18,5641.68017578125,5618.259765625,5689.75,5615.080078125,3691390000
336,2024-09-17,5655.509765625,5634.580078125,5670.81005859375,5614.0498046875,3443600000
337,2024-09-16,5615.2099609375,5633.08984375,5636.0498046875,5604.52978515625,3437070000
338,2024-09-13,5603.33984375,5626.02001953125,5636.27001953125,5601.64990234375,3500790000
339,2024-09-12,5557.47998046875,5595.759765625,5600.7099609375,5535.5,3655070000
340,2024-09-11,5496.419921875,5554.1298828125,5560.41015625,5406.9599609375,3839450000
341,2024-09-10,5490.509765625,5495.52001953125,5497.91015625,5441.72021484375,3848180000
342,2024-09-09,5442.06982421875,5471.0498046875,5484.2001953125,5434.490234375,3825940000
343,2024-09-06,5507.330078125,5408.419921875,5522.47021484375,5402.6201171875,3822800000
344,2024-09-05,5520.080078125,5503.41015625,5546.2998046875,5480.5400390625,3521650000
345,2024-09-04,5506.68017578125,5520.06982421875,5552.990234375,5503.66015625,3478140000
346,2024-09-03,5623.89013671875,5528.93017578125,5623.89013671875,5504.330078125,3866350000
347,2024-08-30,5612.740234375,5648.39990234375,5651.3701171875,5581.7900390625,4185850000
348,2024-08-29,5607.2998046875,5591.9599609375,5646.9501953125,5583.7099609375,3065640000
349,2024-08-28,5624.509765625,5592.18017578125,5627.02978515625,5560.9501953125,3053450000
350,2024-08-27,5602.89013671875,5625.7998046875,5631.18017578125,5593.47998046875,2798990000
351,2024-08-26,5639.66015625,5616.83984375,5651.6201171875,5602.33984375,2938570000
352,2024-08-23,5602.490234375,5634.60986328125,5641.81982421875,5585.16015625,3291940000
353,2024-08-22,5637.77001953125,5570.64013671875,5643.22021484375,5560.9501953125,2981530000
354,2024-08-21,5603.08984375,5620.85009765625,5632.68017578125,5591.56982421875,3119670000
355,2024-08-20,5602.8798828125,5597.1201171875,5620.509765625,5585.5,2994420000
356,2024-08-19,5557.22998046875,5608.25,5608.2998046875,5550.740234375,3222050000
357,2024-08-16,5530.5,5554.25,5561.97998046875,5525.169921875,3357690000
358,2024-08-15,5501.1298828125,5543.22021484375,5546.22998046875,5501.1298828125,3723310000
359,2024-08-14,5442.35986328125,5455.2099609375,5463.22021484375,5415.91015625,3380050000
360,2024-08-13,5376.97998046875,5434.43017578125,5436.5,5376.97998046875,3648980000
361,2024-08-12,5351.8798828125,5344.39013671875,5371.2001953125,5324.3701171875,3360160000
362,2024-08-09,5314.66015625,5344.16015625,5358.669921875,5300.83984375,3516400000
363,2024-08-08,5252.56982421875,5319.31005859375,5328.02978515625,5233.85009765625,4016830000
364,2024-08-07,5293.1298828125,5199.5,5330.64013671875,5195.5400390625,4558260000
365,2024-08-06,5206.419921875,5240.02978515625,5312.33984375,5193.56005859375,4690190000
366,2024-08-05,5151.14013671875,5186.330078125,5250.89013671875,5119.259765625,5333250000
367,2024-08-02,5376.6298828125,5346.56005859375,5383.89013671875,5302.02978515625,5156450000
368,2024-08-01,5537.83984375,5446.68017578125,5566.16015625,5410.419921875,4703620000
369,2024-07-31,5505.58984375,5522.2998046875,5551.509765625,5493.75,4546910000
370,2024-07-30,5478.72998046875,5436.43994140625,5489.4599609375,5401.7001953125,3777740000
371,2024-07-29,5476.5498046875,5463.5400390625,5487.740234375,5444.43994140625,3379970000
372,2024-07-26,5433.669921875,5459.10009765625,5488.31982421875,5430.7001953125,3638770000
373,2024-07-25,5428.7001953125,5399.22021484375,5491.58984375,5390.9501953125,4592120000
374,2024-07-24,5505.83984375,5427.1298828125,5508.0400390625,5419.97998046875,3945550000
375,2024-07-23,5565.2998046875,5555.740234375,5585.33984375,5550.89990234375,3500210000
376,2024-07-22,5544.5400390625,5564.41015625,5570.35986328125,5529.0400390625,3375180000
377,2024-07-19,5543.3701171875,5505.0,5557.5,5497.0400390625,3760570000
378,2024-07-18,5608.56005859375,5544.58984375,5614.0498046875,5522.81005859375,4007510000
379,2024-07-17,5610.06982421875,5588.27001953125,5622.490234375,5584.81005859375,4246450000
380,2024-07-16,5644.08984375,5667.2001953125,5669.669921875,5639.02001953125,4041760000
381,2024-07-15,5638.16015625,5631.22021484375,5666.93994140625,5614.75,3620470000
382,2024-07-12,5590.759765625,5615.35009765625,5655.56005859375,5590.43994140625,3700280000
383,2024-07-11,5635.2099609375,5584.5400390625,5642.4501953125,5576.52978515625,4020950000
384,2024-07-10,5591.259765625,5633.91015625,5635.39013671875,5586.43994140625,3336100000
385,2024-07-09,5584.240234375,5576.97998046875,5590.75,5574.56982421875,3232920000
386,2024-07-08,5572.75,5572.85009765625,5583.10986328125,5562.509765625,3185670000
387,2024-07-05,5537.91015625,5567.18994140625,5570.330078125,5531.6298828125,3253080000
388,2024-07-03,5507.43994140625,5537.02001953125,5539.27001953125,5507.419921875,2179470000
389,2024-07-02,5461.83984375,5509.009765625,5509.68994140625,5458.43017578125,3329950000
390,2024-07-01,5471.080078125,5475.08984375,5479.5498046875,5446.52978515625,3488760000
391,2024-06-28,5488.47998046875,5460.47998046875,5523.64013671875,5451.1201171875,7199220000
392,2024-06-27,5473.58984375,5482.8701171875,5490.81005859375,5467.5400390625,3589530000
393,2024-06-26,5460.7099609375,5477.89990234375,5483.14013671875,5451.8701171875,3563920000
394,2024-06-25,5460.72998046875,5469.2998046875,5472.8798828125,5446.56005859375,3591960000
395,2024-06-24,5459.580078125,5447.8701171875,5490.66015625,5447.58984375,3696750000
396,2024-06-21,5466.77001953125,5464.6201171875,5478.31005859375,5452.02978515625,6773800000
397,2024-06-20,5499.990234375,5473.169921875,5505.52978515625,5455.56005859375,3847060000
398,2024-06-18,5476.14990234375,5487.02978515625,5490.3798828125,5471.31982421875,3544330000
399,2024-06-17,5431.10986328125,5473.22998046875,5488.5,5420.39990234375,3447840000
400,2024-06-14,5424.080078125,5431.60009765625,5432.39013671875,5403.75,3438650000
401,2024-06-13,5441.93017578125,5433.740234375,5441.93017578125,5402.509765625,3530380000
402,2024-06-12,5409.1298828125,5421.02978515625,5447.25,5409.1298828125,3962840000
403,2024-06-11,5353.0,5375.31982421875,5375.9501953125,5327.25,3568030000
404,2024-06-10,5341.22021484375,5360.7900390625,5365.7900390625,5331.52001953125,3622280000
405,2024-06-07,5343.81005859375,5346.990234375,5375.080078125,5331.330078125,3692760000
406,2024-06-06,5357.7998046875,5352.9599609375,5362.35009765625,5335.35986328125,3609990000
407,2024-06-05,5314.47998046875,5354.02978515625,5354.16015625,5297.64013671875,3591460000
408,2024-06-04,5278.240234375,5291.33984375,5298.7998046875,5257.6298828125,3707900000
409,2024-06-03,5297.14990234375,5283.39990234375,5302.10986328125,5234.31982421875,4046920000
410,2024-05-31,5243.2099609375,5277.509765625,5280.330078125,5191.68017578125,5437160000
411,2024-05-30,5259.77001953125,5235.47998046875,5260.2099609375,5222.10009765625,3818750000
412,2024-05-29,5278.72998046875,5266.9501953125,5282.27001953125,5262.7001953125,3552750000
413,2024-05-28,5315.91015625,5306.0400390625,5315.91015625,5280.89013671875,3751540000
414,2024-05-24,5281.4501953125,5304.72021484375,5311.64990234375,5278.39013671875,3005510000
415,2024-05-23,5340.259765625,5267.83984375,5341.8798828125,5256.93017578125,3869520000
416,2024-05-22,5319.27978515625,5307.009765625,5323.18017578125,5286.009765625,3847130000
417,2024-05-21,5298.68994140625,5321.41015625,5324.31982421875,5297.8701171875,3662240000
418,2024-05-20,5305.35009765625,5308.1298828125,5325.31982421875,5302.39990234375,3420100000
419,2024-05-17,5303.10009765625,5303.27001953125,5305.4501953125,5283.58984375,3578120000
420,2024-05-16,5310.06982421875,5297.10009765625,5325.490234375,5296.18994140625,3817470000
421,2024-05-15,5263.259765625,5308.14990234375,5311.759765625,5263.259765625,4360810000
422,2024-05-14,5221.10009765625,5246.68017578125,5250.3701171875,5217.97998046875,4763580000
423,2024-05-13,5233.080078125,5221.419921875,5237.259765625,5211.16015625,4255710000
424,2024-05-10,5225.490234375,5222.68017578125,5239.66015625,5209.68017578125,3617900000
425,2024-05-09,5189.02978515625,5214.080078125,5215.2998046875,5180.41015625,3727370000
426,2024-05-08,5168.97998046875,5187.669921875,5191.9501953125,5165.85986328125,3842100000
427,2024-05-07,5187.2001953125,5187.7001953125,5200.22998046875,5178.9599609375,3987890000
428,2024-05-06,5142.419921875,5180.740234375,5181.0,5142.419921875,3683250000
429,2024-05-03,5122.77978515625,5127.7900390625,5139.1201171875,5101.22021484375,3924990000
430,2024-05-02,5049.31982421875,5064.2001953125,5073.2099609375,5011.0498046875,4381660000
431,2024-05-01,5029.02978515625,5018.39013671875,5096.1201171875,5013.4501953125,4544170000
432,2024-04-30,5103.77978515625,5035.68994140625,5110.830078125,5035.31005859375,4082470000
433,2024-04-29,5114.1298828125,5116.169921875,5123.490234375,5088.64990234375,3447450000
434,2024-04-26,5084.64990234375,5099.9599609375,5114.6201171875,5073.14013671875,3604140000
435,2024-04-25,5019.8798828125,5048.419921875,5057.75,4990.580078125,3958050000
436,2024-04-24,5084.85986328125,5071.6298828125,5089.47998046875,5047.02001953125,3656740000
437,2024-04-23,5028.85009765625,5070.5498046875,5076.1201171875,5027.9599609375,3751400000
438,2024-04-22,4987.330078125,5010.60009765625,5038.83984375,4969.39990234375,3820250000
439,2024-04-19,5005.43994140625,4967.22998046875,5019.02001953125,4953.56005859375,3878750000
440,2024-04-18,5031.52001953125,5011.1201171875,5056.66015625,5001.89013671875,3619760000
441,2024-04-17,5068.97021484375,5022.2099609375,5077.9599609375,5007.25,3596130000
442,2024-04-16,5064.58984375,5051.41015625,5079.83984375,5039.830078125,4006200000
443,2024-04-15,5149.669921875,5061.81982421875,5168.43017578125,5052.47021484375,3950210000
444,2024-04-12,5171.509765625,5123.41015625,5175.02978515625,5107.93994140625,3963220000
445,2024-04-11,5172.9501953125,5199.06005859375,5211.77978515625,5138.77001953125,3509380000
446,2024-04-10,5167.8798828125,5160.64013671875,5178.43017578125,5138.7001953125,3845930000
447,2024-04-09,5217.02978515625,5209.91015625,5224.81005859375,5160.77978515625,3400680000
448,2024-04-08,5211.3701171875,5202.39013671875,5219.56982421875,5197.35009765625,3278180000
449,2024-04-05,5158.9501953125,5204.33984375,5222.18017578125,5157.2099609375,3386780000
450,2024-04-04,5244.0498046875,5147.2099609375,5256.58984375,5146.06005859375,4075680000
451,2024-04-03,5194.3701171875,5211.490234375,5228.75,5194.3701171875,3703250000
452,2024-04-02,5204.2900390625,5205.81005859375,5208.33984375,5184.0498046875,3886590000
453,2024-04-01,5257.97021484375,5243.77001953125,5263.9501953125,5229.2001953125,3325930000
454,2024-03-28,5248.02978515625,5254.35009765625,5264.85009765625,5245.81982421875,3998270000
455,2024-03-27,5226.31005859375,5248.490234375,5249.259765625,5213.919921875,3850500000
456,2024-03-26,5228.85009765625,5203.580078125,5235.16015625,5203.419921875,3871790000
457,2024-03-25,5219.52001953125,5218.18994140625,5229.08984375,5216.08984375,3331360000
458,2024-03-22,5242.47998046875,5234.18017578125,5246.08984375,5229.8701171875,3374700000
459,2024-03-21,5253.43017578125,5241.52978515625,5261.10009765625,5240.66015625,4207730000
460,2024-03-20,5181.68994140625,5224.6201171875,5226.18994140625,5171.5498046875,4064850000
461,2024-03-19,5139.08984375,5178.509765625,5180.31005859375,5131.58984375,4031760000
462,2024-03-18,5154.77001953125,5149.419921875,5175.60009765625,5145.47021484375,4036220000
463,2024-03-15,5123.31005859375,5117.08984375,5136.85986328125,5104.35009765625,7753670000
464,2024-03-14,5175.14013671875,5150.47998046875,5176.85009765625,5123.2998046875,4687970000
465,2024-03-13,5173.490234375,5165.31005859375,5179.14013671875,5151.8798828125,4282890000
466,2024-03-12,5134.2998046875,5175.27001953125,5179.8701171875,5114.47998046875,4080510000
467,2024-03-11,5111.9599609375,5117.93994140625,5124.66015625,5091.14013671875,3896430000
468,2024-03-08,5164.4599609375,5123.68994140625,5189.259765625,5117.5,4208870000
469,2024-03-07,5132.3798828125,5157.35986328125,5165.6201171875,5128.2099609375,4137980000
470,2024-03-06,5108.02978515625,5104.759765625,5127.97021484375,5092.22021484375,4559050000
471,2024-03-05,5110.52001953125,5078.64990234375,5114.5400390625,5056.81982421875,4418410000
472,2024-03-04,5130.990234375,5130.9501953125,5149.669921875,5127.18017578125,4758440000
473,2024-03-01,5098.509765625,5137.080078125,5140.330078125,5094.16015625,4748110000
474,2024-02-29,5085.35986328125,5096.27001953125,5104.990234375,5061.89013671875,5219740000
475,2024-02-28,5067.2001953125,5069.759765625,5077.3701171875,5058.35009765625,3789370000
476,2024-02-27,5074.60009765625,5078.18017578125,5080.68994140625,5057.2900390625,3925950000
477,2024-02-26,5093.0,5069.52978515625,5097.66015625,5068.91015625,3683930000
478,2024-02-23,5100.919921875,5088.7998046875,5111.06005859375,5081.4599609375,3672790000
479,2024-02-22,5038.830078125,5087.02978515625,5094.39013671875,5038.830078125,4051710000
480,2024-02-21,4963.02978515625,4981.7998046875,4983.2099609375,4946.0,3788390000
481,2024-02-20,4989.31982421875,4975.509765625,4993.7099609375,4955.02001953125,4034880000
482,2024-02-16,5031.1298828125,5005.56982421875,5038.7001953125,4999.52001953125,3833270000
483,2024-02-15,5003.14013671875,5029.72998046875,5032.72021484375,4999.43994140625,4137970000
484,2024-02-14,4976.43994140625,5000.6201171875,5002.52001953125,4956.4501953125,3845600000
485,2024-02-13,4967.93994140625,4953.169921875,4971.2998046875,4920.31005859375,4302190000
486,2024-02-12,5026.830078125,5021.83984375,5048.39013671875,5016.830078125,3805740000
487,2024-02-09,5004.169921875,5026.60986328125,5030.06005859375,5000.33984375,3912990000
488,2024-02-08,4995.16015625,4997.91015625,5000.39990234375,4987.08984375,4341860000
489,2024-02-07,4973.0498046875,4995.06005859375,4999.89013671875,4969.0498046875,4895590000
490,2024-02-06,4950.16015625,4954.22998046875,4957.77001953125,4934.8798828125,4440880000
491,2024-02-05,4957.18994140625,4942.81005859375,4957.18994140625,4918.08984375,4023640000
492,2024-02-02,4916.06005859375,4958.60986328125,4975.2900390625,4907.990234375,3974350000
493,2024-02-01,4861.10986328125,4906.18994140625,4906.97021484375,4853.52001953125,4386090000
494,2024-01-31,4899.18994140625,4845.64990234375,4906.75,4845.14990234375,4696120000
495,2024-01-30,4925.89013671875,4924.97021484375,4931.08984375,4916.27001953125,3836130000
496,2024-01-29,4892.9501953125,4927.93017578125,4929.31005859375,4887.39990234375,3525160000
497,2024-01-26,4888.91015625,4890.97021484375,4906.68994140625,4881.47021484375,3353400000
498,2024-01-25,4886.66015625,4894.16015625,4898.14990234375,4869.33984375,4020430000
499,2024-01-24,4888.56005859375,4868.5498046875,4903.68017578125,4865.93994140625,4330030000
500,2024-01-23,4856.7998046875,4864.60009765625,4866.47998046875,4844.3701171875,3912800000
501,2024-01-22,4853.419921875,4850.43017578125,4868.41015625,4844.0498046875,4297610000
502,2024-01-19,4796.27978515625,4839.81005859375,4842.06982421875,4785.8701171875,4287200000
503,2024-01-18,4760.10009765625,4780.93994140625,4785.7900390625,4740.56982421875,4019000000
504,2024-01-17,4739.1298828125,4739.2099609375,4744.22998046875,4714.81982421875,3928600000
505,2024-01-16,4772.35009765625,4765.97998046875,4782.33984375,4747.1201171875,4260550000
506,2024-01-12,4791.18017578125,4783.830078125,4802.39990234375,4768.97998046875,3486340000
507,2024-01-11,4792.1298828125,4780.240234375,4798.5,4739.580078125,3759890000
508,2024-01-10,4759.93994140625,4783.4501953125,4790.7998046875,4756.2001953125,3498680000
509,2024-01-09,4741.93017578125,4756.5,4765.47021484375,4730.35009765625,3529960000
510,2024-01-08,4703.7001953125,4763.5400390625,4764.5400390625,4699.81982421875,3742320000
511,2024-01-05,4690.56982421875,4697.240234375,4721.490234375,4682.10986328125,3844370000
512,2024-01-04,4697.419921875,4688.68017578125,4726.77978515625,4687.52978515625,3715480000
513,2024-01-03,4725.06982421875,4704.81005859375,4729.2900390625,4699.7099609375,3950760000
514,2024-01-02,4745.2001953125,4742.830078125,4754.330078125,4722.669921875,3743050000
515,2023-12-29,4782.8798828125,4769.830078125,4788.43017578125,4751.990234375,3126060000
516,2023-12-28,4786.43994140625,4783.35009765625,4793.2998046875,4780.97998046875,2698860000
517,2023-12-27,4773.4501953125,4781.580078125,4785.39013671875,4768.89990234375,2748450000
518,2023-12-26,4758.85986328125,4774.75,4784.72021484375,4758.4501953125,2513910000
519,2023-12-22,4753.919921875,4754.6298828125,4772.93994140625,4736.77001953125,3046770000
520,2023-12-21,4724.2900390625,4746.75,4748.7099609375,4708.35009765625,3431180000
521,2023-12-20,4764.72998046875,4698.35009765625,4778.009765625,4697.81982421875,4201320000
522,2023-12-19,4743.72021484375,4768.3701171875,4768.68994140625,4743.72021484375,4026970000
523,2023-12-18,4725.580078125,4740.56005859375,4749.52001953125,4725.580078125,4060340000
524,2023-12-15,4714.22998046875,4719.18994140625,4725.52978515625,4704.68994140625,8218980000
525,2023-12-14,4721.0400390625,4719.5498046875,4738.56982421875,4694.33984375,6314040000
526,2023-12-13,4646.2001953125,4707.08984375,4709.68994140625,4643.22998046875,5063650000
527,2023-12-12,4618.2998046875,4643.7001953125,4643.93017578125,4608.08984375,3808380000
528,2023-12-11,4593.39013671875,4622.43994140625,4623.7099609375,4593.39013671875,3823210000
529,2023-12-08,4576.2001953125,4604.3701171875,4609.22998046875,4574.06005859375,3707010000
530,2023-12-07,4568.83984375,4585.58984375,4590.919921875,4565.22021484375,3818880000
531,2023-12-06,4586.22998046875,4549.33984375,4590.740234375,4546.5,4245680000
532,2023-12-05,4557.25,4567.18017578125,4578.56005859375,4551.68017578125,3909950000
533,2023-12-04,4564.3701171875,4569.77978515625,4572.3701171875,4546.72021484375,4369910000
534,2023-12-01,4559.43017578125,4594.6298828125,4599.39013671875,4554.7099609375,4397120000
535,2023-11-30,4554.8701171875,4567.7998046875,4569.89013671875,4537.240234375,5399300000
536,2023-11-29,4571.83984375,4550.580078125,4587.64013671875,4547.14990234375,4418760000
537,2023-11-28,4545.5498046875,4554.89013671875,4568.14013671875,4540.509765625,3586240000
538,2023-11-27,4554.85986328125,4550.43017578125,4560.52001953125,4546.31982421875,3403990000
539,2023-11-24,4555.83984375,4559.33984375,4560.31005859375,4552.7998046875,1639500000
540,2023-11-22,4553.0400390625,4556.6201171875,4568.43017578125,4545.0498046875,3042810000
541,2023-11-21,4538.77001953125,4538.18994140625,4542.14013671875,4525.509765625,3511080000
542,2023-11-20,4511.7001953125,4547.3798828125,4557.10986328125,4510.35986328125,3644790000
543,2023-11-17,4509.5498046875,4514.02001953125,4520.1201171875,4499.66015625,3777240000
544,2023-11-16,4497.080078125,4508.240234375,4511.990234375,4487.830078125,3964520000
545,2023-11-15,4505.2998046875,4502.8798828125,4521.169921875,4495.31005859375,4347170000
546,2023-11-14,4458.97021484375,4495.7001953125,4508.669921875,4458.97021484375,4700350000
547,2023-11-13,4406.66015625,4411.5498046875,4421.759765625,4393.81982421875,3326240000
548,2023-11-10,4364.14990234375,4415.240234375,4418.02978515625,4353.33984375,3665080000
549,2023-11-09,4391.41015625,4347.35009765625,4393.39990234375,4343.93994140625,3900780000
550,2023-11-08,4384.3701171875,4382.77978515625,4391.2001953125,4359.759765625,3729510000
551,2023-11-07,4366.2099609375,4378.3798828125,4386.259765625,4355.41015625,3791230000
552,2023-11-06,4364.27001953125,4365.97998046875,4372.2099609375,4347.52978515625,3656340000
553,2023-11-03,4334.22998046875,4358.33984375,4373.6201171875,4334.22998046875,4570960000
554,2023-11-02,4268.259765625,4317.77978515625,4319.72021484375,4268.259765625,4669780000
555,2023-11-01,4201.27001953125,4237.85986328125,4245.64013671875,4197.740234375,4224900000
556,2023-10-31,4171.330078125,4193.7998046875,4195.5498046875,4153.1201171875,4249470000
557,2023-10-30,4139.39013671875,4166.81982421875,4177.47021484375,4132.93994140625,3911140000
558,2023-10-27,4152.93017578125,4117.3701171875,4156.7001953125,4103.77978515625,4019500000
559,2023-10-26,4175.990234375,4137.22998046875,4183.60009765625,4127.89990234375,4277640000
560,2023-10-25,4232.419921875,4186.77001953125,4232.419921875,4181.419921875,3869370000
561,2023-10-24,4235.7900390625,4247.68017578125,4259.3798828125,4219.43017578125,3821820000
562,2023-10-23,4210.39990234375,4217.0400390625,4255.83984375,4189.22021484375,3776100000
563,2023-10-20,4273.85009765625,4224.16015625,4276.56005859375,4223.02978515625,4004030000
564,2023-10-19,4321.35986328125,4278.0,4339.5400390625,4269.68994140625,3969730000
565,2023-10-18,4357.35009765625,4314.60009765625,4364.2001953125,4303.83984375,3686030000
566,2023-10-17,4345.22998046875,4373.2001953125,4393.56982421875,4337.5400390625,3794850000
567,2023-10-16,4342.3701171875,4373.6298828125,4383.330078125,4342.3701171875,3409960000
568,2023-10-13,4360.490234375,4327.77978515625,4377.10009765625,4311.97021484375,3566560000
569,2023-10-12,4380.93994140625,4349.60986328125,4385.85009765625,4325.43017578125,3713140000
570,2023-10-11,4366.58984375,4376.9501953125,4378.64013671875,4345.33984375,3601660000
571,2023-10-10,4339.75,4358.240234375,4385.4599609375,4339.64013671875,3520240000
572,2023-10-09,4289.02001953125,4335.66015625,4341.72998046875,4283.7900390625,3174630000
573,2023-10-06,4234.7900390625,4308.5,4324.10009765625,4219.5498046875,3902030000
574,2023-10-05,4259.31005859375,4258.18994140625,4267.1298828125,4225.91015625,3581470000
575,2023-10-04,4233.830078125,4263.75,4268.5,4220.47998046875,3777600000
576,2023-10-03,4269.75,4229.4501953125,4281.14990234375,4216.4501953125,3953830000
577,2023-10-02,4284.52001953125,4288.39013671875,4300.580078125,4260.2099609375,3938660000
578,2023-09-29,4328.18017578125,4288.0498046875,4333.14990234375,4274.85986328125,3865960000
579,2023-09-28,4269.64990234375,4299.7001953125,4317.27001953125,4264.3798828125,3846230000
580,2023-09-27,4282.6298828125,4274.509765625,4292.06982421875,4238.6298828125,3875880000
581,2023-09-26,4312.8798828125,4273.52978515625,4313.009765625,4265.97998046875,3472340000
582,2023-09-25,4310.6201171875,4337.43994140625,4338.509765625,4302.7001953125,3195650000
583,2023-09-22,4341.740234375,4320.06005859375,4357.39990234375,4316.490234375,3349570000
584,2023-09-21,4374.35986328125,4330.0,4375.7001953125,4329.169921875,3662340000
585,2023-09-20,4452.81005859375,4402.2001953125,4461.02978515625,4401.3798828125,3308450000
586,2023-09-19,4445.41015625,4443.9501953125,4449.85009765625,4416.60986328125,3614880000
587,2023-09-18,4445.1298828125,4453.52978515625,4466.35986328125,4442.10986328125,3161230000
588,2023-09-15,4497.97998046875,4450.31982421875,4497.97998046875,4447.2099609375,6932230000
589,2023-09-14,4487.77978515625,4505.10009765625,4511.990234375,4478.68994140625,3648720000
590,2023-09-13,4462.64990234375,4467.43994140625,4479.39013671875,4453.52001953125,3529430000
591,2023-09-12,4473.27001953125,4461.89990234375,4487.10986328125,4456.830078125,3435740000
592,2023-09-11,4480.97998046875,4487.4599609375,4490.77001953125,4467.89013671875,3369920000
593,2023-09-08,4451.2998046875,4457.490234375,4473.52978515625,4448.3798828125,3259290000
594,2023-09-07,4434.5498046875,4451.14013671875,4457.81005859375,4430.4599609375,3763760000
595,2023-09-06,4490.35009765625,4465.47998046875,4490.35009765625,4442.3798828125,3418850000
596,2023-09-05,4510.06005859375,4496.830078125,4514.2900390625,4496.009765625,3526250000
597,2023-09-01,4530.60009765625,4515.77001953125,4541.25,4501.35009765625,3246260000
598,2023-08-31,4517.009765625,4507.66015625,4532.259765625,4507.39013671875,3946360000
599,2023-08-30,4500.33984375,4514.8701171875,4521.64990234375,4493.58984375,3064110000
600,2023-08-29,4432.75,4497.6298828125,4500.14013671875,4431.68017578125,3354820000
601,2023-08-28,4426.02978515625,4433.31005859375,4439.56005859375,4414.97998046875,2957230000
602,2023-08-25,4389.3798828125,4405.7099609375,4418.4599609375,4356.2900390625,3296180000
603,2023-08-24,4455.16015625,4376.31005859375,4458.2998046875,4375.5498046875,3723470000
604,2023-08-23,4396.43994140625,4436.009765625,4443.18017578125,4396.43994140625,3837270000
605,2023-08-22,4415.330078125,4387.5498046875,4418.58984375,4382.77001953125,3522760000
606,2023-08-21,4380.27978515625,4399.77001953125,4407.5498046875,4360.2998046875,3726850000
607,2023-08-18,4344.8798828125,4369.7099609375,4381.81982421875,4335.31005859375,3940400000
608,2023-08-17,4416.31982421875,4370.35986328125,4421.169921875,4364.830078125,3943700000
609,2023-08-16,4433.7900390625,4404.330078125,4449.9501953125,4403.5498046875,3753910000
610,2023-08-15,4478.8701171875,4437.85986328125,4478.8701171875,4432.18994140625,3832250000
611,2023-08-14,4458.1298828125,4489.72021484375,4490.330078125,4453.43994140625,3896410000
612,2023-08-11,4450.68994140625,4464.0498046875,4476.22998046875,4443.97998046875,3753290000
613,2023-08-10,4487.16015625,4468.830078125,4527.3701171875,4457.919921875,4504370000
614,2023-08-09,4501.56982421875,4467.7099609375,4502.43994140625,4461.330078125,3803100000
615,2023-08-08,4498.02978515625,4499.3798828125,4503.31005859375,4464.39013671875,3884910000
616,2023-08-07,4491.580078125,4518.43994140625,4519.83984375,4491.14990234375,3493920000
617,2023-08-04,4513.9599609375,4478.02978515625,4540.33984375,4474.5498046875,4143310000
618,2023-08-03,4494.27001953125,4501.89013671875,4519.490234375,4485.5400390625,4149120000
619,2023-08-02,4550.93017578125,4513.39013671875,4550.93017578125,4505.75,4270710000
620,2023-08-01,4578.830078125,4576.72998046875,4584.6201171875,4567.52978515625,4042370000
621,2023-07-31,4584.81982421875,4588.9599609375,4594.22021484375,4573.14013671875,4503600000
622,2023-07-28,4565.75,4582.22998046875,4590.16015625,4564.009765625,3981010000
623,2023-07-27,4598.259765625,4537.41015625,4607.06982421875,4528.56005859375,4553210000
624,2023-07-26,4558.9599609375,4566.75,4582.47021484375,4547.580078125,3990290000
625,2023-07-25,4555.18994140625,4567.4599609375,4580.6201171875,4552.419921875,3812470000
626,2023-07-24,4543.39013671875,4554.64013671875,4563.41015625,4541.2900390625,3856250000
627,2023-07-21,4550.16015625,4536.33984375,4555.0,4535.7900390625,3570190000
628,2023-07-20,4554.3798828125,4534.8701171875,4564.740234375,4527.56005859375,3761770000
629,2023-07-19,4563.8701171875,4565.72021484375,4578.43017578125,4557.47998046875,4115670000
630,2023-07-18,4521.77978515625,4554.97998046875,4562.2998046875,4514.58984375,4090010000
631,2023-07-17,4508.85986328125,4522.7900390625,4532.85009765625,4504.89990234375,3538240000
632,2023-07-14,4514.60986328125,4505.419921875,4527.759765625,4499.56005859375,3647450000
633,2023-07-13,4491.5,4510.0400390625,4517.3798828125,4489.35986328125,3839530000
634,2023-07-12,4467.68994140625,4472.16015625,4488.33984375,4463.22998046875,3920290000
635,2023-07-11,4415.5498046875,4439.259765625,4443.64013671875,4408.4599609375,3624220000
636,2023-07-10,4394.22998046875,4409.52978515625,4412.60009765625,4389.919921875,3429600000
637,2023-07-07,4404.5400390625,4398.9501953125,4440.39013671875,4397.39990234375,3630480000
638,2023-07-06,4422.6201171875,4411.58984375,4422.6201171875,4385.0498046875,3682020000
639,2023-07-05,4442.0400390625,4446.81982421875,4454.06005859375,4436.60986328125,3482620000
640,2023-07-03,4450.47998046875,4455.58984375,4456.4599609375,4442.2900390625,2034280000
641,2023-06-30,4422.43994140625,4450.3798828125,4458.47998046875,4422.43994140625,3923450000
642,2023-06-29,4374.93994140625,4396.43994140625,4398.39013671875,4371.97021484375,3696660000
643,2023-06-28,4367.47998046875,4376.85986328125,4390.35009765625,4360.22021484375,3739330000
644,2023-06-27,4337.35986328125,4378.41015625,4384.419921875,4335.0,3573500000
645,2023-06-26,4344.83984375,4328.81982421875,4362.06005859375,4328.080078125,3415030000
646,2023-06-23,4354.169921875,4348.330078125,4366.5498046875,4341.33984375,6053620000
647,2023-06-22,4355.39990234375,4381.89013671875,4382.25,4351.81982421875,3511000000
648,2023-06-21,4380.009765625,4365.68994140625,4386.22021484375,4360.14013671875,3709330000
649,2023-06-20,4396.10986328125,4388.7099609375,4400.14990234375,4367.18994140625,4055790000
650,2023-06-16,4440.9501953125,4409.58984375,4448.47021484375,4407.43994140625,6848600000
651,2023-06-15,4365.330078125,4425.83984375,4439.2001953125,4362.60009765625,4176690000
652,2023-06-14,4366.2900390625,4372.58984375,4391.81982421875,4337.85009765625,4252110000
653,2023-06-13,4352.60986328125,4369.009765625,4375.3701171875,4349.31005859375,4275400000
654,2023-06-12,4308.31982421875,4338.93017578125,4340.1298828125,4304.3701171875,3945670000
655,2023-06-09,4304.8798828125,4298.85986328125,4322.6201171875,4291.7001953125,3786510000
656,2023-06-08,4268.68994140625,4293.93017578125,4298.009765625,4261.06982421875,3826740000
657,2023-06-07,4285.47021484375,4267.52001953125,4299.18994140625,4263.9599609375,4537800000
658,2023-06-06,4271.33984375,4283.85009765625,4288.330078125,4263.08984375,3996560000
659,2023-06-05,4282.990234375,4273.7900390625,4299.27978515625,4266.81982421875,3813290000
660,2023-06-02,4241.009765625,4282.3701171875,4290.669921875,4241.009765625,4454200000
661,2023-06-01,4183.02978515625,4221.02001953125,4232.43017578125,4171.64013671875,4391860000
662,2023-05-31,4190.740234375,4179.830078125,4195.43994140625,4166.14990234375,5980670000
663,2023-05-30,4226.7099609375,4205.52001953125,4231.10009765625,4192.18017578125,4228510000
664,2023-05-26,4156.16015625,4205.4501953125,4212.8701171875,4156.16015625,3715460000
665,2023-05-25,4155.7099609375,4151.27978515625,4165.740234375,4129.72998046875,4147760000
666,2023-05-24,4132.9599609375,4115.240234375,4132.9599609375,4103.97998046875,0
667,2023-05-23,4176.7998046875,4145.580078125,4185.68017578125,4142.5400390625,4155320000
668,2023-05-22,4190.77978515625,4192.6298828125,4209.22021484375,4179.68017578125,3728520000
669,2023-05-19,4204.14990234375,4191.97998046875,4212.91015625,4180.2001953125,4041900000
670,2023-05-18,4157.68017578125,4198.0498046875,4202.2001953125,4153.5,3980500000
671,2023-05-17,4122.85009765625,4158.77001953125,4164.669921875,4113.6201171875,4039080000
672,2023-05-16,4127.9501953125,4109.89990234375,4135.5400390625,4109.85986328125,3654200000
673,2023-05-15,4126.64990234375,4136.27978515625,4141.25,4110.27001953125,3562170000
674,2023-05-12,4138.5400390625,4124.080078125,4143.740234375,4099.1201171875,3533740000
675,2023-05-11,4132.240234375,4130.6201171875,4132.7998046875,4109.2900390625,3752900000
676,2023-05-10,4143.740234375,4137.64013671875,4154.27978515625,4098.919921875,4057160000
677,2023-05-09,4124.25,4119.169921875,4130.35009765625,4116.64990234375,3810140000
678,2023-05-08,4136.97998046875,4138.1201171875,4142.2998046875,4123.81005859375,3641640000
679,2023-05-05,4084.72998046875,4136.25,4147.02001953125,4084.72998046875,4186270000
680,2023-05-04,4082.550048828125,4061.219970703125,4082.610107421875,4048.280029296875,4920090000
681,2023-05-03,4122.25,4090.75,4148.2998046875,4088.860107421875,4246510000
682,2023-05-02,4164.10009765625,4119.580078125,4164.10009765625,4089.719970703125,4486130000
683,2023-05-01,4166.7900390625,4167.8701171875,4186.919921875,4164.1201171875,3321370000
684,2023-04-28,4129.6298828125,4169.47998046875,4170.06005859375,4127.18017578125,4087800000
685,2023-04-27,4075.2900390625,4135.35009765625,4138.240234375,4075.2900390625,3750550000
686,2023-04-26,4087.780029296875,4055.989990234375,4089.669921875,4049.35009765625,3837030000
687,2023-04-25,4126.43017578125,4071.6298828125,4126.43017578125,4071.3798828125,3978640000
688,2023-04-24,4132.06982421875,4137.0400390625,4142.41015625,4117.77001953125,3290940000
689,2023-04-21,4132.14013671875,4133.52001953125,4138.02001953125,4113.85986328125,3611750000
690,2023-04-20,4130.47998046875,4129.7900390625,4148.56982421875,4114.56982421875,3772080000
691,2023-04-19,4139.330078125,4154.52001953125,4162.56982421875,4134.490234375,3572560000
692,2023-04-18,4164.259765625,4154.8701171875,4169.47998046875,4140.35986328125,3536640000
693,2023-04-17,4137.169921875,4151.31982421875,4151.72021484375,4123.18017578125,3611180000
694,2023-04-14,4140.10986328125,4137.64013671875,4163.18994140625,4113.2001953125,3575690000
695,2023-04-13,4100.0400390625,4146.22021484375,4150.259765625,4099.39990234375,3596590000
696,2023-04-12,4121.72021484375,4091.949951171875,4134.3701171875,4086.93994140625,3633120000
697,2023-04-11,4110.2900390625,4108.93994140625,4124.259765625,4102.60986328125,3665830000
698,2023-04-10,4085.199951171875,4109.10986328125,4109.5,4072.550048828125,3423650000
699,2023-04-06,4081.14990234375,4105.02001953125,4107.31982421875,4069.840087890625,3486690000
700,2023-04-05,4094.5,4090.3798828125,4099.68994140625,4072.56005859375,3968020000
701,2023-04-04,4128.02978515625,4100.60009765625,4133.1298828125,4086.8701171875,4227800000
702,2023-04-03,4102.2001953125,4124.509765625,4127.66015625,4098.7900390625,4234700000
703,2023-03-31,4056.179931640625,4109.31005859375,4110.75,4056.179931640625,4525120000
704,2023-03-30,4046.739990234375,4050.830078125,4057.85009765625,4032.10009765625,3930860000
705,2023-03-29,3999.530029296875,4027.81005859375,4030.590087890625,3999.530029296875,4145250000
706,2023-03-28,3974.1298828125,3971.27001953125,3979.199951171875,3951.530029296875,4014600000
707,2023-03-27,3982.929931640625,3977.530029296875,4003.830078125,3970.489990234375,4233540000
708,2023-03-24,3939.2099609375,3970.989990234375,3972.739990234375,3909.159912109375,4583970000
709,2023-03-23,3959.2099609375,3948.719970703125,4007.659912109375,3919.050048828125,4991600000
710,2023-03-22,4002.0400390625,3936.969970703125,4039.489990234375,3936.169921875,4533010000
711,2023-03-21,3975.889892578125,4002.8701171875,4009.080078125,3971.18994140625,4920240000
712,2023-03-20,3917.469970703125,3951.570068359375,3956.6201171875,3916.889892578125,5347140000
713,2023-03-17,3958.68994140625,3916.639892578125,3958.909912109375,3901.27001953125,9354280000
714,2023-03-16,3878.929931640625,3960.280029296875,3964.4599609375,3864.110107421875,5695790000
715,2023-03-15,3876.739990234375,3891.929931640625,3894.260009765625,3838.239990234375,6594010000
716,2023-03-14,3894.010009765625,3919.2900390625,3937.2900390625,3873.6298828125,5665870000
717,2023-03-13,3835.1201171875,3855.760009765625,3905.050048828125,3808.860107421875,6558020000
718,2023-03-10,3912.77001953125,3861.590087890625,3934.050048828125,3846.320068359375,5518190000
719,2023-03-09,3998.659912109375,3918.320068359375,4017.81005859375,3908.699951171875,4445260000
720,2023-03-08,3987.550048828125,3992.010009765625,4000.409912109375,3969.760009765625,3535570000
721,2023-03-07,4048.260009765625,3986.3701171875,4050.0,3980.31005859375,3922500000
722,2023-03-06,4055.14990234375,4048.419921875,4078.489990234375,4044.610107421875,4000870000
723,2023-03-03,3998.02001953125,4045.639892578125,4048.2900390625,3995.169921875,4084730000
724,2023-03-02,3938.679931640625,3981.35009765625,3990.840087890625,3928.159912109375,4244900000
725,2023-03-01,3963.340087890625,3951.389892578125,3971.72998046875,3939.050048828125,4249480000
726,2023-02-28,3977.18994140625,3970.14990234375,3997.5,3968.97998046875,5043400000
727,2023-02-27,3992.360107421875,3982.239990234375,4018.050048828125,3973.550048828125,3836950000
728,2023-02-24,3973.239990234375,3970.0400390625,3978.25,3943.080078125,3877700000
729,2023-02-23,4018.60009765625,4012.320068359375,4028.300048828125,3969.18994140625,3952940000
730,2023-02-22,4001.830078125,3991.050048828125,4017.3701171875,3976.89990234375,4079320000
731,2023-02-21,4052.35009765625,3997.340087890625,4052.35009765625,3995.18994140625,4121590000
732,2023-02-17,4077.389892578125,4079.090087890625,4081.510009765625,4047.949951171875,4045480000
733,2023-02-16,4114.75,4090.409912109375,4136.5400390625,4089.489990234375,4143660000
734,2023-02-15,4119.5,4147.60009765625,4148.10986328125,4103.97998046875,4075980000
735,2023-02-14,4126.7001953125,4136.1298828125,4159.77001953125,4095.010009765625,3929200000
736,2023-02-13,4096.6201171875,4137.2900390625,4138.89990234375,4092.669921875,3448620000
737,2023-02-10,4068.919921875,4090.4599609375,4094.360107421875,4060.7900390625,3891520000
738,2023-02-09,4144.25,4081.5,4156.22998046875,4069.669921875,4270200000
739,2023-02-08,4153.47021484375,4117.85986328125,4156.85009765625,4111.669921875,4029820000
740,2023-02-07,4105.35009765625,4164.0,4176.5400390625,4088.389892578125,4355860000
741,2023-02-06,4119.56982421875,4111.080078125,4124.6298828125,4093.3798828125,4114240000
742,2023-02-03,4136.68994140625,4136.47998046875,4182.35986328125,4123.35986328125,4694510000
743,2023-02-02,4158.68017578125,4179.759765625,4195.43994140625,4141.8798828125,5624360000
744,2023-02-01,4070.070068359375,4119.2099609375,4148.9501953125,4037.199951171875,4856930000
745,2023-01-31,4020.85009765625,4076.60009765625,4077.159912109375,4020.43994140625,4679320000
746,2023-01-30,4049.27001953125,4017.77001953125,4063.85009765625,4015.550048828125,3802000000
747,2023-01-27,4053.719970703125,4070.56005859375,4094.2099609375,4048.699951171875,3907760000
748,2023-01-26,4036.080078125,4060.429931640625,4061.570068359375,4013.2900390625,3809590000
749,2023-01-25,3982.7099609375,4016.219970703125,4019.550048828125,3949.06005859375,3724020000
750,2023-01-24,4001.739990234375,4016.949951171875,4023.919921875,3989.7900390625,3320430000
751,2023-01-23,3978.139892578125,4019.81005859375,4039.31005859375,3971.639892578125,3945210000
752,2023-01-20,3909.0400390625,3972.610107421875,3972.9599609375,3897.860107421875,4013360000
753,2023-01-19,3911.840087890625,3898.85009765625,3922.93994140625,3885.5400390625,3991500000
754,2023-01-18,4002.25,3928.860107421875,4014.159912109375,3926.590087890625,4298710000
755,2023-01-17,3999.280029296875,3990.969970703125,4015.389892578125,3984.570068359375,4235560000
756,2023-01-13,3960.60009765625,3999.090087890625,4003.949951171875,3947.669921875,3939700000
757,2023-01-12,3977.570068359375,3983.169921875,3997.760009765625,3937.56005859375,4440260000
758,2023-01-11,3932.35009765625,3969.610107421875,3970.070068359375,3928.5400390625,4303360000
759,2023-01-10,3888.570068359375,3919.25,3919.830078125,3877.2900390625,3851030000
760,2023-01-09,3910.820068359375,3892.090087890625,3950.570068359375,3890.419921875,4311770000
761,2023-01-06,3823.3701171875,3895.080078125,3906.18994140625,3809.56005859375,3923560000
762,2023-01-05,3839.739990234375,3808.10009765625,3839.739990234375,3802.419921875,3893450000
763,2023-01-04,3840.360107421875,3852.969970703125,3873.159912109375,3815.77001953125,4414080000
764,2023-01-03,3853.2900390625,3824.139892578125,3878.4599609375,3794.330078125,3959140000
765,2022-12-30,3829.06005859375,3839.5,3839.85009765625,3800.340087890625,2979870000
766,2022-12-29,3805.449951171875,3849.280029296875,3858.18994140625,3805.449951171875,3003680000
767,2022-12-28,3829.56005859375,3783.219970703125,3848.320068359375,3780.780029296875,3083520000
768,2022-12-27,3843.340087890625,3829.25,3846.64990234375,3813.219970703125,3030300000
769,2022-12-23,3815.110107421875,3844.820068359375,3845.800048828125,3797.010009765625,2819280000
770,2022-12-22,3853.260009765625,3822.389892578125,3853.260009765625,3764.489990234375,3956950000
771,2022-12-21,3839.489990234375,3878.43994140625,3889.820068359375,3839.489990234375,3775200000
772,2022-12-20,3810.469970703125,3821.6201171875,3838.239990234375,3795.6201171875,3985370000
773,2022-12-19,3853.7900390625,3817.659912109375,3854.860107421875,3800.0400390625,3969610000
774,2022-12-16,3890.909912109375,3852.360107421875,3890.909912109375,3827.909912109375,7493660000
775,2022-12-15,3958.3701171875,3895.75,3958.3701171875,3879.449951171875,4493900000
776,2022-12-14,4015.5400390625,3995.320068359375,4053.760009765625,3965.64990234375,4472340000
777,2022-12-13,4069.3798828125,4019.64990234375,4100.9599609375,3993.030029296875,5079360000
778,2022-12-12,3939.2900390625,3990.56005859375,3990.7099609375,3935.300048828125,3904130000
779,2022-12-09,3954.169921875,3934.3798828125,3977.02001953125,3933.0400390625,3888260000
780,2022-12-08,3947.7900390625,3963.510009765625,3974.18994140625,3935.830078125,4006900000
781,2022-12-07,3933.280029296875,3933.919921875,3957.570068359375,3922.679931640625,4118050000
782,2022-12-06,3996.6298828125,3941.260009765625,4001.510009765625,3918.389892578125,4368380000
783,2022-12-05,4052.02001953125,3998.840087890625,4052.449951171875,3984.489990234375,4280820000
784,2022-12-02,4040.169921875,4071.699951171875,4080.47998046875,4026.6298828125,4012620000
785,2022-12-01,4087.139892578125,4076.570068359375,4100.509765625,4050.8701171875,4527130000
786,2022-11-30,3957.179931640625,4080.110107421875,4080.110107421875,3938.580078125,6579360000
787,2022-11-29,3964.18994140625,3957.6298828125,3976.77001953125,3937.64990234375,3546040000
788,2022-11-28,4005.360107421875,3963.93994140625,4012.27001953125,3955.77001953125,3615430000
789,2022-11-25,4023.340087890625,4026.1201171875,4034.02001953125,4020.760009765625,1706460000
790,2022-11-23,4000.300048828125,4027.260009765625,4033.780029296875,3998.659912109375,3279720000
791,2022-11-22,3965.510009765625,4003.580078125,4005.8798828125,3956.8798828125,3887990000
792,2022-11-21,3956.22998046875,3949.93994140625,3962.0,3933.340087890625,3850690000
793,2022-11-18,3966.389892578125,3965.340087890625,3979.889892578125,3935.97998046875,4037360000
794,2022-11-17,3919.260009765625,3946.56005859375,3954.330078125,3906.5400390625,4051780000
795,2022-11-16,3976.820068359375,3958.7900390625,3983.090087890625,3954.340087890625,4165320000
796,2022-11-15,4006.409912109375,3991.72998046875,4028.840087890625,3953.169921875,5015310000
797,2022-11-14,3977.969970703125,3957.25,4008.969970703125,3956.39990234375,4561930000
798,2022-11-11,3963.719970703125,3992.929931640625,4001.47998046875,3944.820068359375,5593310000
799,2022-11-10,3859.889892578125,3956.3701171875,3958.330078125,3859.889892578125,5781260000
800,2022-11-09,3810.93994140625,3748.570068359375,3818.199951171875,3744.219970703125,4645010000
801,2022-11-08,3817.02001953125,3828.110107421875,3859.39990234375,3786.280029296875,4607640000
802,2022-11-07,3780.7099609375,3806.800048828125,3813.949951171875,3764.699951171875,4341620000
803,2022-11-04,3766.97998046875,3770.550048828125,3796.340087890625,3708.840087890625,5400180000
804,2022-11-03,3733.25,3719.889892578125,3750.590087890625,3698.14990234375,4625290000
805,2022-11-02,3852.89990234375,3759.68994140625,3894.43994140625,3758.679931640625,4899000000
806,2022-11-01,3901.7900390625,3856.10009765625,3911.7900390625,3843.800048828125,4481210000
807,2022-10-31,3881.85009765625,3871.97998046875,3893.72998046875,3863.179931640625,4820620000
808,2022-10-28,3808.260009765625,3901.06005859375,3905.419921875,3808.260009765625,4459410000
809,2022-10-27,3834.68994140625,3807.300048828125,3859.949951171875,3803.7900390625,4687320000
810,2022-10-26,3825.969970703125,3830.60009765625,3886.14990234375,3824.070068359375,4817310000
811,2022-10-25,3799.43994140625,3859.110107421875,3862.85009765625,3799.43994140625,4843120000
812,2022-10-24,3762.010009765625,3797.340087890625,3810.739990234375,3741.64990234375,4747930000
813,2022-10-21,3657.10009765625,3752.75,3757.889892578125,3647.419921875,5078020000
814,2022-10-20,3689.050048828125,3665.780029296875,3736.0,3656.43994140625,4496620000
815,2022-10-19,3703.110107421875,3695.159912109375,3728.580078125,3666.510009765625,4223800000
816,2022-10-18,3746.260009765625,3719.97998046875,3762.7900390625,3686.530029296875,4483740000
817,2022-10-17,3638.64990234375,3677.949951171875,3689.72998046875,3638.64990234375,4352780000
818,2022-10-14,3690.409912109375,3583.070068359375,3712.0,3579.679931640625,4243030000
819,2022-10-13,3520.3701171875,3669.909912109375,3685.409912109375,3491.580078125,5021680000
820,2022-10-12,3590.830078125,3577.030029296875,3608.340087890625,3573.860107421875,4006830000
821,2022-10-11,3595.860107421875,3588.840087890625,3640.659912109375,3568.449951171875,4759030000
822,2022-10-10,3647.510009765625,3612.389892578125,3652.169921875,3588.10009765625,3834320000
823,2022-10-07,3706.739990234375,3639.659912109375,3706.739990234375,3620.72998046875,4449660000
824,2022-10-06,3771.969970703125,3744.52001953125,3797.929931640625,3739.219970703125,4252100000
825,2022-10-05,3753.25,3783.280029296875,3806.909912109375,3722.659912109375,4293180000
826,2022-10-04,3726.4599609375,3790.929931640625,3791.919921875,3726.4599609375,5146580000
827,2022-10-03,3609.780029296875,3678.429931640625,3698.35009765625,3604.929931640625,4806680000
828,2022-09-30,3633.47998046875,3585.6201171875,3671.43994140625,3584.1298828125,5645360000
829,2022-09-29,3687.010009765625,3640.469970703125,3687.010009765625,3610.39990234375,4681810000
830,2022-09-28,3651.93994140625,3719.0400390625,3736.739990234375,3640.610107421875,4684850000
831,2022-09-27,3686.43994140625,3647.2900390625,3717.530029296875,3623.2900390625,4577740000
832,2022-09-26,3682.719970703125,3655.0400390625,3715.669921875,3644.760009765625,4886140000
833,2022-09-23,3727.139892578125,3693.22998046875,3727.139892578125,3647.469970703125,5144270000
834,2022-09-22,3782.360107421875,3757.989990234375,3790.89990234375,3749.449951171875,4284600000
835,2022-09-21,3871.39990234375,3789.929931640625,3907.070068359375,3789.489990234375,4078330000
836,2022-09-20,3875.22998046875,3855.929931640625,3876.010009765625,3827.5400390625,4058050000
837,2022-09-19,3849.909912109375,3899.889892578125,3900.449951171875,3838.5,3766850000
838,2022-09-16,3880.949951171875,3873.330078125,3880.949951171875,3837.080078125,7954650000
839,2022-09-15,3932.409912109375,3901.35009765625,3959.139892578125,3888.280029296875,4441830000
840,2022-09-14,3940.72998046875,3946.010009765625,3961.93994140625,3912.179931640625,4293240000
841,2022-09-13,4037.1201171875,3932.68994140625,4037.1201171875,3921.280029296875,4224550000
842,2022-09-12,4083.669921875,4110.41015625,4119.27978515625,4083.669921875,3814200000
843,2022-09-09,4022.93994140625,4067.360107421875,4076.81005859375,4022.93994140625,3901940000
844,2022-09-08,3959.93994140625,4006.179931640625,4010.5,3944.81005859375,3966850000
845,2022-09-07,3909.429931640625,3979.8701171875,3987.889892578125,3906.030029296875,3890320000
846,2022-09-06,3930.889892578125,3908.18994140625,3942.550048828125,3886.75,4127340000
847,2022-09-02,3994.659912109375,3924.260009765625,4018.429931640625,3906.2099609375,3665850000
848,2022-09-01,3936.72998046875,3966.85009765625,3970.22998046875,3903.64990234375,4152250000
849,2022-08-31,4000.669921875,3955.0,4015.3701171875,3954.530029296875,4542490000
850,2022-08-30,4041.25,3986.159912109375,4044.97998046875,3965.2099609375,3835860000
851,2022-08-29,4034.580078125,4030.610107421875,4062.989990234375,4017.419921875,3396510000
852,2022-08-26,4198.740234375,4057.659912109375,4203.0400390625,4057.659912109375,3832750000
853,2022-08-25,4153.259765625,4199.1201171875,4200.5400390625,4147.58984375,3566870000
854,2022-08-24,4126.5498046875,4140.77001953125,4156.56005859375,4119.97021484375,3583630000
855,2022-08-23,4133.08984375,4128.72998046875,4159.77001953125,4124.02978515625,3823520000
856,2022-08-22,4195.080078125,4137.990234375,4195.080078125,4129.85986328125,3907430000
857,2022-08-19,4266.31005859375,4228.47998046875,4266.31005859375,4218.7001953125,3761340000
858,2022-08-18,4273.1298828125,4283.740234375,4292.52978515625,4261.97998046875,3340330000
859,2022-08-17,4280.39990234375,4274.0400390625,4302.18017578125,4253.080078125,3885030000
860,2022-08-16,4290.4599609375,4305.2001953125,4325.27978515625,4277.77001953125,4329820000
861,2022-08-15,4269.3701171875,4297.14013671875,4301.7900390625,4256.89990234375,3696830000
862,2022-08-12,4225.02001953125,4280.14990234375,4280.47021484375,4219.77978515625,3788010000
863,2022-08-11,4227.39990234375,4207.27001953125,4257.91015625,4201.41015625,4630200000
864,2022-08-10,4181.02001953125,4210.240234375,4211.02978515625,4177.259765625,4546010000
865,2022-08-09,4133.10986328125,4122.47021484375,4137.2998046875,4112.08984375,3913090000
866,2022-08-08,4155.93017578125,4140.06005859375,4186.6201171875,4128.97021484375,4221090000
867,2022-08-05,4115.8701171875,4145.18994140625,4151.580078125,4107.31005859375,4085940000
868,2022-08-04,4154.85009765625,4151.93994140625,4161.2900390625,4135.419921875,4283320000
869,2022-08-03,4107.9599609375,4155.169921875,4167.66015625,4107.9599609375,4351760000
870,2022-08-02,4104.2099609375,4091.18994140625,4140.47021484375,4079.81005859375,4727710000
871,2022-08-01,4112.3798828125,4118.6298828125,4144.9501953125,4096.02001953125,4202810000
872,2022-07-29,4087.330078125,4130.2900390625,4140.14990234375,4079.219970703125,4616360000
873,2022-07-28,4026.1298828125,4072.429931640625,4078.949951171875,3992.969970703125,4413000000
874,2022-07-27,3951.429931640625,4023.610107421875,4039.56005859375,3951.429931640625,4112180000
875,2022-07-26,3953.219970703125,3921.050048828125,3953.219970703125,3910.739990234375,3778950000
876,2022-07-25,3965.719970703125,3966.840087890625,3975.300048828125,3943.4599609375,3568340000
877,2022-07-22,3998.429931640625,3961.6298828125,4012.43994140625,3938.860107421875,3979240000
878,2022-07-21,3955.469970703125,3998.949951171875,3999.2900390625,3927.639892578125,4132790000
879,2022-07-20,3935.320068359375,3959.89990234375,3974.1298828125,3922.030029296875,4185300000
880,2022-07-19,3860.72998046875,3936.68994140625,3939.81005859375,3860.72998046875,4041070000
881,2022-07-18,3883.7900390625,3830.85009765625,3902.43994140625,3818.6298828125,4046870000
882,2022-07-15,3818.0,3863.159912109375,3863.6201171875,3817.179931640625,4143800000
883,2022-07-14,3763.989990234375,3790.3798828125,3796.409912109375,3721.56005859375,4199690000
884,2022-07-13,3779.669921875,3801.780029296875,3829.43994140625,3759.070068359375,4109390000
885,2022-07-12,3851.949951171875,3818.800048828125,3873.409912109375,3802.360107421875,3817210000
886,2022-07-11,3880.93994140625,3854.429931640625,3880.93994140625,3847.219970703125,3423480000
887,2022-07-08,3888.260009765625,3899.3798828125,3918.5,3869.340087890625,3521620000
888,2022-07-07,3858.85009765625,3902.6201171875,3910.6298828125,3858.85009765625,4057770000
889,2022-07-06,3831.97998046875,3845.080078125,3870.909912109375,3809.3701171875,4417720000
890,2022-07-05,3792.610107421875,3831.389892578125,3832.18994140625,3742.06005859375,5076590000
891,2022-07-01,3781.0,3825.330078125,3829.820068359375,3752.10009765625,4046950000
892,2022-06-30,3785.989990234375,3785.3798828125,3818.989990234375,3738.669921875,4840070000
893,2022-06-29,3825.090087890625,3818.830078125,3836.5,3799.02001953125,4211240000
894,2022-06-28,3913.0,3821.550048828125,3945.860107421875,3820.139892578125,4270120000
895,2022-06-27,3920.760009765625,3900.110107421875,3927.719970703125,3889.659912109375,4325310000
896,2022-06-24,3821.75,3911.739990234375,3913.64990234375,3821.75,8120260000
897,2022-06-23,3774.7099609375,3795.72998046875,3802.580078125,3743.52001953125,5098640000
898,2022-06-22,3733.889892578125,3759.889892578125,3801.7900390625,3717.68994140625,5058990000
899,2022-06-21,3715.31005859375,3764.7900390625,3779.64990234375,3715.31005859375,5292260000
900,2022-06-17,3665.89990234375,3674.840087890625,3707.7099609375,3636.8701171875,8520740000
901,2022-06-16,3728.179931640625,3666.77001953125,3728.179931640625,3639.77001953125,5644930000
902,2022-06-15,3764.050048828125,3789.989990234375,3837.56005859375,3722.300048828125,5530480000
903,2022-06-14,3763.52001953125,3735.47998046875,3778.179931640625,3705.679931640625,5153890000
904,2022-06-13,3838.14990234375,3749.6298828125,3838.14990234375,3734.300048828125,5636890000
905,2022-06-10,3974.389892578125,3900.860107421875,3974.389892578125,3900.159912109375,4889640000
906,2022-06-09,4101.64990234375,4017.820068359375,4119.10009765625,4017.169921875,4134170000
907,2022-06-08,4147.1201171875,4115.77001953125,4160.14013671875,4107.2001953125,4159470000
908,2022-06-07,4096.47021484375,4160.68017578125,4164.85986328125,4080.18994140625,4248210000
909,2022-06-06,4134.72021484375,4121.43017578125,4168.77978515625,4109.18017578125,4332700000
910,2022-06-03,4137.56982421875,4108.5400390625,4142.669921875,4098.669921875,3711110000
911,2022-06-02,4095.409912109375,4176.81982421875,4177.509765625,4074.3701171875,4405790000
912,2022-06-01,4149.77978515625,4101.22998046875,4166.5400390625,4073.85009765625,4531800000
913,2022-05-31,4151.08984375,4132.14990234375,4168.33984375,4104.8798828125,6822640000
914,2022-05-27,4077.429931640625,4158.240234375,4158.490234375,4077.429931640625,4375620000
915,2022-05-26,3984.60009765625,4057.840087890625,4075.139892578125,3984.60009765625,4709970000
916,2022-05-25,3929.590087890625,3978.72998046875,3999.330078125,3925.030029296875,4802560000
917,2022-05-24,3942.93994140625,3941.47998046875,3955.679931640625,3875.1298828125,4923190000
918,2022-05-23,3919.419921875,3973.75,3981.8798828125,3909.0400390625,4420030000
919,2022-05-20,3927.760009765625,3901.360107421875,3943.419921875,3810.320068359375,5130730000
920,2022-05-19,3899.0,3900.7900390625,3945.9599609375,3876.580078125,5113550000
921,2022-05-18,4051.97998046875,3923.679931640625,4051.97998046875,3911.909912109375,5103220000
922,2022-05-17,4052.0,4088.85009765625,4090.719970703125,4033.929931640625,4841410000
923,2022-05-16,4013.02001953125,4008.010009765625,4046.4599609375,3983.989990234375,4415030000
924,2022-05-13,3963.89990234375,4023.889892578125,4038.8798828125,3963.89990234375,5183340000
925,2022-05-12,3903.949951171875,3930.080078125,3964.800048828125,3858.8701171875,6286450000
926,2022-05-11,3990.080078125,3935.179931640625,4049.090087890625,3928.820068359375,5816140000
927,2022-05-10,4035.179931640625,4001.050048828125,4068.820068359375,3958.169921875,5885820000
928,2022-05-09,4081.27001953125,3991.239990234375,4081.27001953125,3975.47998046875,5954520000
929,2022-05-06,4128.169921875,4123.33984375,4157.68994140625,4067.909912109375,5116940000
930,2022-05-05,4270.43017578125,4146.8701171875,4270.43017578125,4106.009765625,5077030000
931,2022-05-04,4181.18017578125,4300.169921875,4307.66015625,4148.91015625,5136360000
932,2022-05-03,4159.77978515625,4175.47998046875,4200.10009765625,4147.080078125,4582050000
933,2022-05-02,4130.60986328125,4155.3798828125,4169.81005859375,4062.510009765625,5163790000
934,2022-04-29,4253.75,4131.93017578125,4269.68017578125,4124.27978515625,5084030000
935,2022-04-28,4222.580078125,4287.5,4308.4501953125,4188.6298828125,4854180000
936,2022-04-27,4186.52001953125,4183.9599609375,4240.7099609375,4162.89990234375,4769680000
937,2022-04-26,4278.14013671875,4175.2001953125,4278.14013671875,4175.0400390625,4689970000
938,2022-04-25,4255.33984375,4296.1201171875,4299.02001953125,4200.81982421875,5240040000
939,2022-04-22,4385.830078125,4271.77978515625,4385.830078125,4267.6201171875,4651940000
940,2022-04-21,4489.169921875,4393.66015625,4512.93994140625,4384.47021484375,4636890000
941,2022-04-20,4472.259765625,4459.4501953125,4488.2900390625,4448.759765625,4290450000
942,2022-04-19,4390.6298828125,4462.2099609375,4471.02978515625,4390.6298828125,4108120000
943,2022-04-18,4385.6298828125,4391.68994140625,4410.31005859375,4370.2998046875,3910490000
944,2022-04-14,4449.1201171875,4392.58984375,4460.4599609375,4390.77001953125,4083090000
945,2022-04-13,4394.2998046875,4446.58984375,4453.919921875,4392.7001953125,3828150000
946,2022-04-12,4437.58984375,4397.4501953125,4471.0,4381.33984375,4152090000
947,2022-04-11,4462.64013671875,4412.52978515625,4464.35009765625,4408.3798828125,4266290000
948,2022-04-08,4494.14990234375,4488.27978515625,4520.41015625,4474.60009765625,4083200000
949,2022-04-07,4474.64990234375,4500.2099609375,4521.16015625,4450.2998046875,4821490000
950,2022-04-06,4494.169921875,4481.14990234375,4503.93994140625,4450.0400390625,4986830000
951,2022-04-05,4572.4501953125,4525.1201171875,4593.4501953125,4514.169921875,4800620000
952,2022-04-04,4547.97021484375,4582.64013671875,4583.5,4539.2099609375,4547350000
953,2022-04-01,4540.31982421875,4545.85986328125,4548.7001953125,4507.56982421875,4562940000
954,2022-03-31,4599.02001953125,4530.41015625,4603.06982421875,4530.41015625,4823020000
955,2022-03-30,4624.2001953125,4602.4501953125,4627.77001953125,4581.31982421875,4385570000
956,2022-03-29,4602.85986328125,4631.60009765625,4637.2998046875,4589.66015625,5085910000
957,2022-03-28,4541.08984375,4575.52001953125,4575.64990234375,4517.68994140625,4312260000
958,2022-03-25,4522.91015625,4543.06005859375,4546.02978515625,4501.06982421875,4305020000
959,2022-03-24,4469.97998046875,4520.16015625,4520.580078125,4465.169921875,4131390000
960,2022-03-23,4493.10009765625,4456.240234375,4501.06982421875,4455.81005859375,4550670000
961,2022-03-22,4469.10009765625,4511.60986328125,4522.0,4469.10009765625,4754840000
962,2022-03-21,4462.39990234375,4461.18017578125,4481.75,4424.2998046875,4869820000
963,2022-03-18,4407.33984375,4463.1201171875,4465.39990234375,4390.56982421875,8278430000
964,2022-03-17,4345.10986328125,4411.669921875,4412.669921875,4335.64990234375,4985090000
965,2022-03-16,4288.14013671875,4357.85986328125,4358.89990234375,4251.990234375,6309750000
966,2022-03-15,4188.81982421875,4262.4501953125,4271.0498046875,4187.89990234375,5392470000
967,2022-03-14,4202.75,4173.10986328125,4247.56982421875,4161.72021484375,5574920000
968,2022-03-11,4279.5,4204.31005859375,4291.009765625,4200.490234375,4938640000
969,2022-03-10,4252.5498046875,4259.52001953125,4268.27978515625,4209.7998046875,4980830000
970,2022-03-09,4223.10009765625,4277.8798828125,4299.39990234375,4223.10009765625,5662670000
971,2022-03-08,4202.66015625,4170.7001953125,4276.93994140625,4157.8701171875,7243120000
972,2022-03-07,4327.009765625,4201.08984375,4327.009765625,4199.85009765625,6940470000
973,2022-03-04,4342.1201171875,4328.8701171875,4342.1201171875,4284.97998046875,5797380000
974,2022-03-03,4401.31005859375,4363.490234375,4416.77978515625,4345.56005859375,5039890000
975,2022-03-02,4322.56005859375,4386.5400390625,4401.47998046875,4322.56005859375,5337870000
976,2022-03-01,4363.14013671875,4306.259765625,4378.4501953125,4279.5400390625,5846230000
977,2022-02-28,4354.169921875,4373.93994140625,4388.83984375,4315.1201171875,6071370000
978,2022-02-25,4298.3798828125,4384.64990234375,4385.33984375,4286.830078125,5177060000
979,2022-02-24,4155.77001953125,4288.7001953125,4294.72998046875,4114.64990234375,6752130000
980,2022-02-23,4324.93017578125,4225.5,4341.509765625,4221.509765625,4797430000
981,2022-02-22,4332.740234375,4304.759765625,4362.1201171875,4267.10986328125,5121900000
982,2022-02-18,4384.56982421875,4348.8701171875,4394.60009765625,4327.22021484375,4708060000
983,2022-02-17,4456.06005859375,4380.259765625,4456.06005859375,4373.81005859375,4539420000
984,2022-02-16,4455.75,4475.009765625,4489.5498046875,4429.68017578125,4283640000
985,2022-02-15,4429.27978515625,4471.06982421875,4472.77001953125,4429.27978515625,4430830000
986,2022-02-14,4412.60986328125,4401.669921875,4426.22021484375,4364.83984375,4600390000
987,2022-02-11,4506.27001953125,4418.64013671875,4526.330078125,4401.41015625,5251500000
988,2022-02-10,4553.240234375,4504.080078125,4588.919921875,4484.31005859375,5314860000
989,2022-02-09,4547.0,4587.18017578125,4590.02978515625,4547.0,4524350000
990,2022-02-08,4480.02001953125,4521.5400390625,4531.31982421875,4465.39990234375,4459620000
991,2022-02-07,4505.75,4483.8701171875,4521.85986328125,4471.47021484375,4228480000
992,2022-02-04,4482.7900390625,4500.52978515625,4539.66015625,4451.5,4706290000
993,2022-02-03,4535.41015625,4477.43994140625,4542.8798828125,4470.39013671875,4401970000
994,2022-02-02,4566.39013671875,4589.3798828125,4595.31005859375,4544.31982421875,4481580000
995,2022-02-01,4519.56982421875,4546.5400390625,4550.490234375,4483.52978515625,4816830000
996,2022-01-31,4431.7900390625,4515.5498046875,4516.89013671875,4414.02001953125,5098610000
997,2022-01-28,4336.18994140625,4431.85009765625,4432.72021484375,4292.4599609375,5031090000
998,2022-01-27,4380.580078125,4326.509765625,4428.740234375,4309.5,5214200000
999,2022-01-26,4408.43017578125,4349.93017578125,4453.22998046875,4304.7998046875,5570640000
1000,2022-01-25,4366.64013671875,4356.4501953125,4411.009765625,4287.10986328125,5145050000
1001,2022-01-24,4356.31982421875,4410.1298828125,4417.35009765625,4222.6201171875,6928110000
1002,2022-01-21,4471.3798828125,4397.93994140625,4494.52001953125,4395.33984375,5589100000
1003,2022-01-20,4547.35009765625,4482.72998046875,4602.10986328125,4477.9501953125,4640870000
1004,2022-01-19,4588.02978515625,4532.759765625,4611.5498046875,4530.2001953125,4465740000
1005,2022-01-18,4632.240234375,4577.10986328125,4632.240234375,4568.7001953125,4748700000
1006,2022-01-14,4637.990234375,4662.85009765625,4665.1298828125,4614.75,4338490000
1007,2022-01-13,4733.56005859375,4659.02978515625,4744.1298828125,4650.2900390625,4251730000
1008,2022-01-12,4728.58984375,4726.35009765625,4748.830078125,4706.7099609375,4048220000
1009,2022-01-11,4669.14013671875,4713.06982421875,4714.1298828125,4638.27001953125,4101590000
1010,2022-01-10,4655.33984375,4670.2900390625,4673.02001953125,4582.240234375,4511810000
1011,2022-01-07,4697.66015625,4677.02978515625,4707.9501953125,4662.740234375,4181510000
1012,2022-01-06,4693.39013671875,4696.0498046875,4725.009765625,4671.259765625,4295280000
1013,2022-01-05,4787.990234375,4700.580078125,4797.7001953125,4699.43994140625,4887960000
1014,2022-01-04,4804.509765625,4793.5400390625,4818.6201171875,4774.27001953125,4683170000
1015,2022-01-03,4778.14013671875,4796.56005859375,4796.64013671875,4758.169921875,3831020000
1016,2021-12-31,4775.2099609375,4766.18017578125,4786.830078125,4765.75,2677820000
1017,2021-12-30,4794.22998046875,4778.72998046875,4808.93017578125,4775.330078125,3124950000
1018,2021-12-29,4788.64013671875,4793.06005859375,4804.06005859375,4778.080078125,2963310000
1019,2021-12-28,4795.490234375,4786.35009765625,4807.02001953125,4780.0400390625,2707920000
1020,2021-12-27,4733.990234375,4791.18994140625,4791.490234375,4733.990234375,2770290000
1021,2021-12-23,4703.9599609375,4725.7900390625,4740.740234375,4703.9599609375,2913040000
1022,2021-12-22,4650.35986328125,4696.56005859375,4697.669921875,4645.52978515625,3319610000
1023,2021-12-21,4594.9599609375,4649.22998046875,4651.14013671875,4583.16015625,4072430000
1024,2021-12-20,4587.89990234375,4568.02001953125,4587.89990234375,4531.10009765625,4635700000
1025,2021-12-17,4652.5,4620.64013671875,4666.7001953125,4600.22021484375,7987090000
1026,2021-12-16,4719.1298828125,4668.669921875,4731.990234375,4651.89013671875,4829500000
1027,2021-12-15,4636.4599609375,4709.85009765625,4712.60009765625,4611.22021484375,4910130000
1028,2021-12-14,4642.990234375,4634.08984375,4660.47021484375,4606.52001953125,4485430000
1029,2021-12-13,4710.2998046875,4668.97021484375,4710.2998046875,4667.60009765625,4397230000
1030,2021-12-10,4687.64013671875,4712.02001953125,4713.56982421875,4670.240234375,3870110000
1031,2021-12-09,4691.0,4667.4501953125,4695.259765625,4665.97998046875,3903840000
1032,2021-12-08,4690.85986328125,4701.2099609375,4705.06005859375,4674.52001953125,4234600000
1033,2021-12-07,4631.97021484375,4686.75,4694.0400390625,4631.97021484375,4492400000
1034,2021-12-06,4548.3701171875,4591.669921875,4612.60009765625,4540.509765625,4770800000
1035,2021-12-03,4589.490234375,4538.43017578125,4608.02978515625,4495.1201171875,5240070000
1036,2021-12-02,4504.72998046875,4577.10009765625,4595.4599609375,4504.72998046875,5077180000
1037,2021-12-01,4602.81982421875,4513.0400390625,4652.93994140625,4510.27001953125,5366730000
1038,2021-11-30,4640.25,4567.0,4646.02001953125,4560.0,6625990000
1039,2021-11-29,4628.75,4655.27001953125,4672.9501953125,4625.259765625,4336410000
1040,2021-11-26,4664.6298828125,4594.6201171875,4664.6298828125,4585.43017578125,3517700000
1041,2021-11-24,4675.77978515625,4701.4599609375,4702.8701171875,4659.89013671875,3418430000
1042,2021-11-23,4678.47998046875,4690.7001953125,4699.39013671875,4652.66015625,4277590000
1043,2021-11-22,4712.0,4682.93994140625,4743.830078125,4682.169921875,4441100000
1044,2021-11-19,4708.43994140625,4697.9599609375,4717.75,4694.22021484375,4253180000
1045,2021-11-18,4700.72021484375,4704.5400390625,4708.7998046875,4672.77978515625,4226410000
1046,2021-11-17,4701.5,4688.669921875,4701.5,4684.41015625,3969070000
1047,2021-11-16,4679.419921875,4700.89990234375,4714.9501953125,4679.419921875,3972640000
1048,2021-11-15,4689.2998046875,4682.7998046875,4697.419921875,4672.85986328125,3488410000
1049,2021-11-12,4655.240234375,4682.85009765625,4688.47021484375,4650.77001953125,3728600000
1050,2021-11-11,4659.39013671875,4649.27001953125,4664.5498046875,4648.31005859375,3926870000
1051,2021-11-10,4670.259765625,4646.7099609375,4684.85009765625,4630.85986328125,4503720000
1052,2021-11-09,4707.25,4685.25,4708.52978515625,4670.8701171875,4117080000
1053,2021-11-08,4701.47998046875,4701.7001953125,4714.919921875,4694.39013671875,4269710000
1054,2021-11-05,4699.259765625,4697.52978515625,4718.5,4681.31982421875,4467180000
1055,2021-11-04,4662.93017578125,4680.06005859375,4683.0,4662.58984375,4462300000
1056,2021-11-03,4630.64990234375,4660.56982421875,4663.4599609375,4621.18994140625,4319660000
1057,2021-11-02,4613.33984375,4630.64990234375,4635.14990234375,4613.33984375,3975250000
1058,2021-11-01,4610.6201171875,4613.669921875,4620.33984375,4595.06005859375,3971540000
1059,2021-10-29,4572.8701171875,4605.3798828125,4608.080078125,4567.58984375,4510200000
1060,2021-10-28,4562.83984375,4596.419921875,4597.5498046875,4562.83984375,4132950000
1061,2021-10-27,4580.22021484375,4551.68017578125,4584.56982421875,4551.66015625,4226050000
1062,2021-10-26,4578.68994140625,4574.7900390625,4598.52978515625,4569.169921875,3879740000
1063,2021-10-25,4553.68994140625,4566.47998046875,4572.6201171875,4537.35986328125,3899400000
1064,2021-10-22,4546.1201171875,4544.89990234375,4559.669921875,4524.0,3758220000
1065,2021-10-21,4532.240234375,4549.77978515625,4551.43994140625,4526.89013671875,3822330000
1066,2021-10-20,4524.419921875,4536.18994140625,4540.8701171875,4524.39990234375,3670760000
1067,2021-10-19,4497.33984375,4519.6298828125,4520.39990234375,4496.41015625,3459130000
1068,2021-10-18,4463.72021484375,4486.4599609375,4488.75,4447.47021484375,3662010000
1069,2021-10-15,4447.68994140625,4471.3701171875,4475.81982421875,4447.68994140625,3819380000
1070,2021-10-14,4386.75,4438.259765625,4439.72998046875,4386.75,3598280000
1071,2021-10-13,4358.009765625,4363.7998046875,4372.8701171875,4329.919921875,3620070000
1072,2021-10-12,4368.31005859375,4350.64990234375,4374.89013671875,4342.08984375,3558450000
1073,2021-10-11,4385.43994140625,4361.18994140625,4415.8798828125,4360.58984375,3281970000
1074,2021-10-08,4406.509765625,4391.33984375,4412.02001953125,4386.22021484375,3280160000
1075,2021-10-07,4383.72998046875,4399.759765625,4429.97021484375,4383.72998046875,3843740000
1076,2021-10-06,4319.56982421875,4363.5498046875,4365.56982421875,4290.490234375,4009630000
1077,2021-10-05,4309.8701171875,4345.72021484375,4369.22998046875,4309.8701171875,3902890000
1078,2021-10-04,4348.83984375,4300.4599609375,4355.509765625,4278.93994140625,4307870000
1079,2021-10-01,4317.16015625,4357.0400390625,4375.18994140625,4288.52001953125,4010370000
1080,2021-09-30,4370.669921875,4307.5400390625,4382.5498046875,4306.240234375,4448140000
1081,2021-09-29,4362.41015625,4359.4599609375,4385.56982421875,4355.080078125,3712660000
1082,2021-09-28,4419.5400390625,4352.6298828125,4419.5400390625,4346.330078125,4416550000
1083,2021-09-27,4442.1201171875,4443.10986328125,4457.2998046875,4436.18994140625,4058650000
1084,2021-09-24,4438.0400390625,4455.47998046875,4463.1201171875,4430.27001953125,3384290000
1085,2021-09-23,4406.75,4448.97998046875,4465.39990234375,4406.75,3916350000
1086,2021-09-22,4367.43017578125,4395.64013671875,4416.75,4367.43017578125,3939170000
1087,2021-09-21,4374.4501953125,4354.18994140625,4394.8701171875,4347.9599609375,3920920000
1088,2021-09-20,4402.9501953125,4357.72998046875,4402.9501953125,4305.91015625,4898070000
1089,2021-09-17,4469.740234375,4432.990234375,4471.52001953125,4427.759765625,7289530000
1090,2021-09-16,4477.08984375,4473.75,4485.8701171875,4443.7998046875,3984560000
1091,2021-09-15,4447.490234375,4480.7001953125,4486.8701171875,4438.3701171875,4032020000
1092,2021-09-14,4479.330078125,4443.0498046875,4485.68017578125,4435.4599609375,3670460000
1093,2021-09-13,4474.81005859375,4468.72998046875,4492.990234375,4445.7001953125,3914220000
1094,2021-09-10,4506.919921875,4458.580078125,4520.47021484375,4457.66015625,3623180000
1095,2021-09-09,4513.02001953125,4493.27978515625,4529.89990234375,4492.06982421875,3735390000
1096,2021-09-08,4518.08984375,4514.06982421875,4521.7900390625,4493.9501953125,3750880000
1097,2021-09-07,4535.3798828125,4520.02978515625,4535.3798828125,4513.0,3822960000
1098,2021-09-03,4532.419921875,4535.43017578125,4541.4501953125,4521.2998046875,3217530000
1099,2021-09-02,4534.47998046875,4536.9501953125,4545.85009765625,4524.66015625,3735990000
1100,2021-09-01,4528.7998046875,4524.08984375,4537.10986328125,4522.02001953125,4057340000
1101,2021-08-31,4529.75,4522.68017578125,4531.39013671875,4515.7998046875,4290710000
1102,2021-08-30,4513.759765625,4528.7900390625,4537.35986328125,4513.759765625,3168660000
1103,2021-08-27,4474.10009765625,4509.3701171875,4513.330078125,4474.10009765625,3331200000
1104,2021-08-26,4493.75,4470.0,4495.89990234375,4468.990234375,3263980000
1105,2021-08-25,4490.4501953125,4496.18994140625,4501.7099609375,4485.66015625,3444700000
1106,2021-08-24,4484.39990234375,4486.22998046875,4492.81005859375,4482.27978515625,3979220000
1107,2021-08-23,4450.2900390625,4479.52978515625,4489.8798828125,4450.2900390625,3576530000
1108,2021-08-20,4410.56005859375,4441.669921875,4444.35009765625,4406.7998046875,3652610000
1109,2021-08-19,4382.43994140625,4405.7998046875,4418.60986328125,4367.72998046875,4398410000
1110,2021-08-18,4440.93994140625,4400.27001953125,4454.31982421875,4397.58984375,3755590000
1111,2021-08-17,4462.1201171875,4448.080078125,4462.1201171875,4417.830078125,3836960000
1112,2021-08-16,4461.64990234375,4479.7099609375,4480.259765625,4437.66015625,3370640000
1113,2021-08-13,4464.83984375,4468.0,4468.3701171875,4460.81982421875,3016470000
1114,2021-08-12,4446.080078125,4460.830078125,4461.77001953125,4435.9599609375,3375310000
1115,2021-08-11,4442.18017578125,4442.41015625,4449.43994140625,4436.419921875,3532560000
1116,2021-08-10,4435.7900390625,4436.75,4445.2099609375,4430.02978515625,3886610000
1117,2021-08-09,4437.77001953125,4432.35009765625,4439.39013671875,4424.740234375,3449280000
1118,2021-08-06,4429.06982421875,4436.52001953125,4440.81982421875,4429.06982421875,3451870000
1119,2021-08-05,4408.85986328125,4429.10009765625,4429.759765625,4408.85986328125,3769410000
1120,2021-08-04,4415.9501953125,4402.66015625,4416.169921875,4400.22998046875,4260760000
1121,2021-08-03,4392.740234375,4423.14990234375,4423.7900390625,4373.0,3965190000
1122,2021-08-02,4406.85986328125,4387.16015625,4422.18017578125,4384.81005859375,3724090000
1123,2021-07-30,4395.1201171875,4395.259765625,4412.25,4389.64990234375,3956740000
1124,2021-07-29,4403.58984375,4419.14990234375,4429.97021484375,4403.58984375,4044600000
1125,2021-07-28,4402.9501953125,4400.64013671875,4415.47021484375,4387.009765625,4215290000
1126,2021-07-27,4416.3798828125,4401.4599609375,4416.3798828125,4372.509765625,4241950000
1127,2021-07-26,4409.580078125,4422.2998046875,4422.72998046875,4405.4501953125,4275630000
1128,2021-07-23,4381.2001953125,4411.7900390625,4415.18017578125,4381.2001953125,4540070000
1129,2021-07-22,4361.27001953125,4367.47998046875,4369.8701171875,4350.06005859375,3358300000
1130,2021-07-21,4331.1298828125,4358.68994140625,4359.7001953125,4331.1298828125,3810280000
1131,2021-07-20,4265.10986328125,4323.06005859375,4336.83984375,4262.0498046875,4438270000
1132,2021-07-19,4296.39990234375,4258.490234375,4296.39990234375,4233.1298828125,5157660000
1133,2021-07-16,4367.43017578125,4327.16015625,4375.08984375,4322.52978515625,3985700000
1134,2021-07-15,4369.02001953125,4360.02978515625,4369.02001953125,4340.7001953125,3905230000
1135,2021-07-14,4380.10986328125,4374.2998046875,4393.68017578125,4362.35986328125,4006370000
1136,2021-07-13,4381.06982421875,4369.2099609375,4392.3701171875,4366.919921875,3695430000
1137,2021-07-12,4372.41015625,4384.6298828125,4386.68017578125,4364.02978515625,3384460000
1138,2021-07-09,4329.3798828125,4369.5498046875,4371.60009765625,4329.3798828125,3531120000
1139,2021-07-08,4321.06982421875,4320.81982421875,4330.8798828125,4289.3701171875,4347500000
1140,2021-07-07,4351.009765625,4358.1298828125,4361.8798828125,4329.7900390625,4037380000
1141,2021-07-06,4356.4599609375,4343.5400390625,4356.4599609375,4314.3701171875,4309570000
1142,2021-07-02,4326.60009765625,4352.33984375,4355.43017578125,4326.60009765625,3225840000
1143,2021-07-01,4300.72998046875,4319.93994140625,4320.66015625,4300.72998046875,3788230000
1144,2021-06-30,4290.64990234375,4297.5,4302.43017578125,4287.9599609375,4266040000
1145,2021-06-29,4293.2099609375,4291.7998046875,4300.52001953125,4287.0400390625,3707150000
1146,2021-06-28,4284.89990234375,4290.60986328125,4292.14013671875,4274.669921875,4147890000
1147,2021-06-25,4274.4501953125,4280.7001953125,4286.1201171875,4271.16015625,7341450000
1148,2021-06-24,4256.97021484375,4266.490234375,4271.27978515625,4256.97021484375,3816660000
1149,2021-06-23,4249.27001953125,4241.83984375,4256.60009765625,4241.43017578125,3730350000
1150,2021-06-22,4224.60986328125,4246.43994140625,4255.83984375,4217.27001953125,3828390000
1151,2021-06-21,4173.39990234375,4224.7900390625,4226.240234375,4173.39990234375,4128950000
1152,2021-06-18,4204.77978515625,4166.4501953125,4204.77978515625,4164.39990234375,6817010000
1153,2021-06-17,4220.3701171875,4221.85986328125,4232.2900390625,4196.0498046875,5312680000
1154,2021-06-16,4248.8701171875,4223.7001953125,4251.89013671875,4202.4501953125,4538350000
1155,2021-06-15,4255.27978515625,4246.58984375,4257.16015625,4238.35009765625,4048940000
1156,2021-06-14,4248.31005859375,4255.14990234375,4255.58984375,4234.06982421875,4151200000
1157,2021-06-11,4242.89990234375,4247.43994140625,4248.3798828125,4232.25,3815010000
1158,2021-06-10,4228.56005859375,4239.18017578125,4249.740234375,4220.33984375,4408210000
1159,2021-06-09,4232.990234375,4219.5498046875,4237.08984375,4218.740234375,4713260000
1160,2021-06-08,4233.81005859375,4227.259765625,4236.740234375,4208.41015625,4659620000
1161,2021-06-07,4229.33984375,4226.52001953125,4232.33984375,4215.66015625,4476920000
1162,2021-06-04,4206.0498046875,4229.89013671875,4233.4501953125,4206.0498046875,4139790000
1163,2021-06-03,4191.43017578125,4192.85009765625,4204.39013671875,4167.93017578125,5587970000
1164,2021-06-02,4206.81982421875,4208.1201171875,4217.3701171875,4198.27001953125,5833670000
1165,2021-06-01,4216.52001953125,4202.0400390625,4234.1201171875,4197.58984375,5074670000
1166,2021-05-28,4210.77001953125,4204.10986328125,4218.35986328125,4203.56982421875,4649250000
1167,2021-05-27,4201.93994140625,4200.8798828125,4213.3798828125,4197.77978515625,6406310000
1168,2021-05-26,4191.58984375,4195.990234375,4202.60986328125,4184.10986328125,4420890000
1169,2021-05-25,4205.93994140625,4188.1298828125,4213.419921875,4182.52001953125,4182250000
1170,2021-05-24,4170.16015625,4197.0498046875,4209.52001953125,4170.16015625,3684800000
1171,2021-05-21,4168.60986328125,4155.85986328125,4188.72021484375,4151.72021484375,3995250000
1172,2021-05-20,4121.97021484375,4159.1201171875,4172.7998046875,4121.97021484375,3978880000
1173,2021-05-19,4098.4501953125,4115.68017578125,4116.93017578125,4061.409912109375,4247450000
1174,2021-05-18,4165.93994140625,4127.830078125,4169.14990234375,4125.990234375,4398150000
1175,2021-05-17,4169.919921875,4163.2900390625,4171.919921875,4142.68994140625,4125050000
1176,2021-05-14,4129.580078125,4173.85009765625,4183.1298828125,4129.580078125,4008880000
1177,2021-05-13,4074.989990234375,4112.5,4131.580078125,4074.989990234375,4779540000
1178,2021-05-12,4130.5498046875,4063.0400390625,4134.72998046875,4056.8798828125,4733070000
1179,2021-05-11,4150.33984375,4152.10009765625,4162.0400390625,4111.52978515625,4870710000
1180,2021-05-10,4228.2900390625,4188.43017578125,4236.39013671875,4188.1298828125,4560700000
1181,2021-05-07,4210.33984375,4232.60009765625,4238.0400390625,4201.64013671875,4016080000
1182,2021-05-06,4169.14013671875,4201.6201171875,4202.7001953125,4147.330078125,4511000000
1183,2021-05-05,4177.06005859375,4167.58984375,4187.72021484375,4160.93994140625,4230920000
1184,2021-05-04,4179.0400390625,4164.66015625,4179.0400390625,4128.58984375,4452460000
1185,2021-05-03,4191.97998046875,4192.66015625,4209.39013671875,4188.02978515625,4070220000
1186,2021-04-30,4198.10009765625,4181.169921875,4198.10009765625,4174.85009765625,4300880000
1187,2021-04-29,4206.14013671875,4211.47021484375,4218.77978515625,4176.81005859375,4298680000
1188,2021-04-28,4185.14013671875,4183.18017578125,4201.52978515625,4181.77978515625,3787360000
1189,2021-04-27,4188.25,4186.72021484375,4193.35009765625,4176.22021484375,3710700000
1190,2021-04-26,4185.02978515625,4187.6201171875,4194.18994140625,4182.35986328125,3748320000
1191,2021-04-23,4138.77978515625,4180.169921875,4194.169921875,4138.77978515625,3569880000
1192,2021-04-22,4170.4599609375,4134.97998046875,4179.56982421875,4123.68994140625,4245140000
1193,2021-04-21,4128.419921875,4173.419921875,4175.02001953125,4126.35009765625,3887250000
1194,2021-04-20,4159.18017578125,4134.93994140625,4159.18017578125,4118.3798828125,4342650000
1195,2021-04-19,4179.7998046875,4163.259765625,4180.81005859375,4150.47021484375,3810290000
1196,2021-04-16,4174.14013671875,4185.47021484375,4191.31005859375,4170.75,4163820000
1197,2021-04-15,4139.759765625,4170.419921875,4173.490234375,4139.759765625,4033420000
1198,2021-04-14,4141.580078125,4124.66015625,4151.68994140625,4120.8701171875,3985350000
1199,2021-04-13,4130.10009765625,4141.58984375,4148.0,4124.43017578125,3734720000
1200,2021-04-12,4124.7099609375,4127.990234375,4131.759765625,4114.81982421875,3588900000
1201,2021-04-09,4096.10986328125,4128.7998046875,4129.47998046875,4095.510009765625,3640390000
1202,2021-04-08,4089.949951171875,4097.169921875,4098.18994140625,4082.5400390625,3907100000
1203,2021-04-07,4074.2900390625,4079.949951171875,4083.1298828125,4068.31005859375,4120810000
1204,2021-04-06,4075.570068359375,4073.93994140625,4086.22998046875,4068.139892578125,4081270000
1205,2021-04-05,4034.43994140625,4077.909912109375,4083.419921875,4034.43994140625,4005030000
1206,2021-04-01,3992.780029296875,4019.8701171875,4020.6298828125,3992.780029296875,4162130000
1207,2021-03-31,3967.25,3972.889892578125,3994.409912109375,3966.97998046875,4578050000
1208,2021-03-30,3963.340087890625,3958.550048828125,3968.010009765625,3944.35009765625,4121510000
1209,2021-03-29,3969.31005859375,3971.090087890625,3981.830078125,3943.25,4628180000
1210,2021-03-26,3917.1201171875,3974.5400390625,3978.18994140625,3917.1201171875,5483160000
1211,2021-03-25,3879.340087890625,3909.52001953125,3919.5400390625,3853.5,4948340000
1212,2021-03-24,3919.929931640625,3889.139892578125,3942.080078125,3889.070068359375,4783020000
1213,2021-03-23,3937.60009765625,3910.52001953125,3949.1298828125,3901.570068359375,4669010000
1214,2021-03-22,3916.47998046875,3940.590087890625,3955.31005859375,3914.159912109375,4316260000
1215,2021-03-19,3913.139892578125,3913.10009765625,3930.1201171875,3886.75,7757420000
1216,2021-03-18,3953.5,3915.4599609375,3969.6201171875,3910.860107421875,5118590000
1217,2021-03-17,3949.570068359375,3974.1201171875,3983.8701171875,3935.739990234375,4561660000
1218,2021-03-16,3973.590087890625,3962.7099609375,3981.0400390625,3953.43994140625,4613080000
1219,2021-03-15,3942.9599609375,3968.93994140625,3970.080078125,3923.5400390625,4900100000
1220,2021-03-12,3924.52001953125,3943.340087890625,3944.989990234375,3915.2099609375,4476280000
1221,2021-03-11,3915.5400390625,3939.340087890625,3960.27001953125,3915.5400390625,5312880000
1222,2021-03-10,3891.989990234375,3898.81005859375,3917.35009765625,3885.72998046875,5847380000
1223,2021-03-09,3851.929931640625,3875.43994140625,3903.760009765625,3851.929931640625,5513560000
1224,2021-03-08,3844.389892578125,3821.35009765625,3881.06005859375,3819.25,5871710000
1225,2021-03-05,3793.580078125,3841.93994140625,3851.68994140625,3730.18994140625,6851070000
1226,2021-03-04,3818.530029296875,3768.469970703125,3843.669921875,3723.340087890625,7195400000
1227,2021-03-03,3863.989990234375,3819.719970703125,3874.469970703125,3818.860107421875,6173660000
1228,2021-03-02,3903.639892578125,3870.2900390625,3906.409912109375,3868.570068359375,5536010000
1229,2021-03-01,3842.510009765625,3901.820068359375,3914.5,3842.510009765625,5114820000
1230,2021-02-26,3839.659912109375,3811.14990234375,3861.080078125,3789.5400390625,6526070000
1231,2021-02-25,3915.800048828125,3829.340087890625,3925.02001953125,3814.0400390625,6547470000
1232,2021-02-24,3873.7099609375,3925.429931640625,3928.64990234375,3859.60009765625,6012790000
1233,2021-02-23,3857.070068359375,3881.3701171875,3895.97998046875,3805.590087890625,6296610000
1234,2021-02-22,3885.550048828125,3876.5,3902.919921875,3874.7099609375,5917100000
1235,2021-02-19,3921.159912109375,3906.7099609375,3930.409912109375,3903.070068359375,4845320000
1236,2021-02-18,3915.860107421875,3913.969970703125,3921.97998046875,3885.030029296875,4793650000
1237,2021-02-17,3918.5,3931.330078125,3933.610107421875,3900.429931640625,4730650000
1238,2021-02-16,3939.610107421875,3932.590087890625,3950.429931640625,3923.85009765625,5058990000
1239,2021-02-12,3911.64990234375,3934.830078125,3937.22998046875,3905.780029296875,4135060000
1240,2021-02-11,3916.39990234375,3916.3798828125,3925.989990234375,3890.389892578125,4590960000
1241,2021-02-10,3920.780029296875,3909.8798828125,3931.5,3884.93994140625,4837070000
1242,2021-02-09,3910.489990234375,3911.22998046875,3918.35009765625,3902.639892578125,4568320000
1243,2021-02-08,3892.590087890625,3915.590087890625,3915.77001953125,3892.590087890625,4648360000
1244,2021-02-05,3878.300048828125,3886.830078125,3894.56005859375,3874.929931640625,4879470000
1245,2021-02-04,3836.659912109375,3871.739990234375,3872.419921875,3836.659912109375,4879240000
1246,2021-02-03,3840.27001953125,3830.169921875,3847.510009765625,3816.679931640625,4864870000
1247,2021-02-02,3791.840087890625,3826.31005859375,3843.090087890625,3791.840087890625,5514090000
1248,2021-02-01,3731.169921875,3773.860107421875,3784.320068359375,3725.6201171875,5436230000
1249,2021-01-29,3778.050048828125,3714.239990234375,3778.050048828125,3694.1201171875,6643370000
1250,2021-01-28,3755.75,3787.3798828125,3830.5,3755.75,6992770000
1251,2021-01-27,3836.830078125,3750.77001953125,3836.830078125,3732.47998046875,9976520000
1252,2021-01-26,3862.9599609375,3849.6201171875,3870.89990234375,3847.780029296875,6137500000
1253,2021-01-25,3851.679931640625,3855.360107421875,3859.22998046875,3797.159912109375,7000840000
1254,2021-01-22,3844.239990234375,3841.469970703125,3852.31005859375,3830.409912109375,5110890000
1255,2021-01-21,3857.4599609375,3853.070068359375,3861.449951171875,3845.050048828125,4501760000
1256,2021-01-20,3816.219970703125,3851.85009765625,3859.75,3816.219970703125,4566190000
1257,2021-01-19,3781.8798828125,3798.909912109375,3804.530029296875,3780.3701171875,5014440000
1258,2021-01-15,3788.72998046875,3768.25,3788.72998046875,3749.6201171875,5369820000
1259,2021-01-14,3814.97998046875,3795.5400390625,3823.60009765625,3792.860107421875,5198480000
1260,2021-01-13,3802.22998046875,3809.840087890625,3820.9599609375,3791.5,4602510000
1261,2021-01-12,3801.6201171875,3801.18994140625,3810.780029296875,3776.510009765625,4994950000
1262,2021-01-11,3803.139892578125,3799.610107421875,3817.860107421875,3789.02001953125,4465430000
1263,2021-01-08,3815.050048828125,3824.679931640625,3826.68994140625,3783.60009765625,4773040000
1264,2021-01-07,3764.7099609375,3803.7900390625,3811.550048828125,3764.7099609375,5099160000
1265,2021-01-06,3712.199951171875,3748.139892578125,3783.0400390625,3705.340087890625,6064110000
1266,2021-01-05,3698.02001953125,3726.860107421875,3737.830078125,3695.070068359375,4591020000
1267,2021-01-04,3764.610107421875,3700.64990234375,3769.989990234375,3662.7099609375,5015000000
1268,2020-12-31,3733.27001953125,3756.070068359375,3760.199951171875,3726.8798828125,3179040000
1269,2020-12-30,3736.18994140625,3732.0400390625,3744.6298828125,3730.2099609375,3154850000
1270,2020-12-29,3750.010009765625,3727.0400390625,3756.1201171875,3723.31005859375,3393290000
1271,2020-12-28,3723.030029296875,3735.360107421875,3740.510009765625,3723.030029296875,3535460000
1272,2020-12-24,3694.030029296875,3703.06005859375,3703.820068359375,3689.320068359375,1883780000
1273,2020-12-23,3693.419921875,3690.010009765625,3711.239990234375,3689.280029296875,3779160000
1274,2020-12-22,3698.080078125,3687.260009765625,3698.260009765625,3676.159912109375,4053310000
1275,2020-12-21,3684.280029296875,3694.919921875,3702.89990234375,3636.47998046875,4748580000
1276,2020-12-18,3722.389892578125,3709.409912109375,3726.699951171875,3685.840087890625,7097100000
1277,2020-12-17,3713.64990234375,3722.47998046875,3725.1201171875,3710.8701171875,4192810000
1278,2020-12-16,3696.25,3701.169921875,3711.27001953125,3688.570068359375,4067040000
1279,2020-12-15,3666.409912109375,3694.6201171875,3695.2900390625,3659.6201171875,4387080000
1280,2020-12-14,3675.27001953125,3647.489990234375,3697.610107421875,3645.840087890625,4623850000
1281,2020-12-11,3656.080078125,3663.4599609375,3665.909912109375,3633.39990234375,4375470000
1282,2020-12-10,3659.1298828125,3668.10009765625,3678.489990234375,3645.179931640625,4658480000
1283,2020-12-09,3705.97998046875,3672.820068359375,3712.389892578125,3660.5400390625,5232800000
1284,2020-12-08,3683.050048828125,3702.25,3708.449951171875,3678.830078125,4584390000
1285,2020-12-07,3694.72998046875,3691.9599609375,3697.409912109375,3678.8798828125,4804500000
1286,2020-12-04,3670.93994140625,3699.1201171875,3699.199951171875,3670.93994140625,5099620000
1287,2020-12-03,3668.280029296875,3666.719970703125,3682.72998046875,3657.169921875,5065340000
1288,2020-12-02,3653.780029296875,3669.010009765625,3670.9599609375,3644.840087890625,5041250000
1289,2020-12-01,3645.8701171875,3662.449951171875,3678.449951171875,3645.8701171875,5418480000
1290,2020-11-30,3634.179931640625,3621.6298828125,3634.179931640625,3594.389892578125,6308410000
1291,2020-11-27,3638.550048828125,3638.35009765625,3644.31005859375,3629.330078125,2778390000
1292,2020-11-25,3635.5,3629.64990234375,3635.5,3617.760009765625,4910440000
1293,2020-11-24,3594.52001953125,3635.409912109375,3642.31005859375,3594.52001953125,6280290000
1294,2020-11-23,3566.820068359375,3577.590087890625,3589.81005859375,3552.77001953125,5057550000
1295,2020-11-20,3579.31005859375,3557.5400390625,3581.22998046875,3556.85009765625,4236370000
1296,2020-11-19,3559.409912109375,3581.8701171875,3585.219970703125,3543.840087890625,4363370000
1297,2020-11-18,3612.090087890625,3567.7900390625,3619.090087890625,3567.330078125,5284810000
1298,2020-11-17,3610.31005859375,3609.530029296875,3623.110107421875,3588.679931640625,4812180000
1299,2020-11-16,3600.159912109375,3626.909912109375,3628.510009765625,3600.159912109375,5295510000
1300,2020-11-13,3552.570068359375,3585.14990234375,3593.659912109375,3552.570068359375,4719580000
1301,2020-11-12,3562.669921875,3537.010009765625,3569.02001953125,3518.580078125,4909660000
1302,2020-11-11,3563.219970703125,3572.659912109375,3581.159912109375,3557.0,4635560000
1303,2020-11-10,3543.260009765625,3545.530029296875,3557.219970703125,3511.909912109375,6037470000
1304,2020-11-09,3583.0400390625,3550.5,3645.989990234375,3547.47998046875,8570510000
1305,2020-11-06,3508.340087890625,3509.43994140625,3521.580078125,3484.340087890625,4842460000
1306,2020-11-05,3485.739990234375,3510.449951171875,3529.050048828125,3485.739990234375,4858150000
1307,2020-11-04,3406.4599609375,3443.43994140625,3486.25,3405.169921875,4790400000
1308,2020-11-03,3336.25,3369.159912109375,3389.489990234375,3336.25,4241380000
1309,2020-11-02,3296.199951171875,3310.239990234375,3330.139892578125,3279.739990234375,4314690000
1310,2020-10-30,3293.590087890625,3269.9599609375,3304.929931640625,3233.93994140625,4843930000
1311,2020-10-29,3277.169921875,3310.110107421875,3341.050048828125,3259.820068359375,4911860000
1312,2020-10-28,3342.47998046875,3271.030029296875,3342.47998046875,3268.889892578125,5139970000
1313,2020-10-27,3403.14990234375,3390.679931640625,3409.510009765625,3388.7099609375,3962400000
1314,2020-10-26,3441.419921875,3400.969970703125,3441.419921875,3364.860107421875,4002210000
1315,2020-10-23,3464.89990234375,3465.389892578125,3466.4599609375,3440.449951171875,3651600000
1316,2020-10-22,3438.5,3453.489990234375,3460.530029296875,3415.340087890625,4172060000
1317,2020-10-21,3439.909912109375,3435.56005859375,3464.860107421875,3433.06005859375,4103960000
1318,2020-10-20,3439.3798828125,3443.1201171875,3476.929931640625,3435.64990234375,3917850000
1319,2020-10-19,3493.659912109375,3426.919921875,3502.419921875,3419.929931640625,4091080000
1320,2020-10-16,3493.5,3483.81005859375,3515.760009765625,3480.449951171875,4688030000
1321,2020-10-15,3453.719970703125,3483.340087890625,3489.080078125,3440.889892578125,3724550000
1322,2020-10-14,3515.469970703125,3488.669921875,3527.93994140625,3480.550048828125,3858510000
1323,2020-10-13,3534.010009765625,3511.929931640625,3534.010009765625,3500.860107421875,3611100000
1324,2020-10-12,3500.02001953125,3534.219970703125,3549.85009765625,3499.610107421875,3435760000
1325,2020-10-09,3459.669921875,3477.139892578125,3482.340087890625,3458.070068359375,3944090000
1326,2020-10-08,3434.280029296875,3446.830078125,3447.280029296875,3428.14990234375,3867640000
1327,2020-10-07,3384.56005859375,3419.43994140625,3426.260009765625,3384.56005859375,3814750000
1328,2020-10-06,3408.739990234375,3360.969970703125,3431.56005859375,3354.5400390625,4453390000
1329,2020-10-05,3367.27001953125,3408.60009765625,3409.570068359375,3367.27001953125,3692720000
1330,2020-10-02,3338.93994140625,3348.419921875,3369.10009765625,3323.68994140625,3975180000
1331,2020-10-01,3385.8701171875,3380.800048828125,3397.179931640625,3361.389892578125,4076340000
1332,2020-09-30,3341.2099609375,3363.0,3393.56005859375,3340.469970703125,4738640000
1333,2020-09-29,3350.919921875,3335.469970703125,3357.919921875,3327.5400390625,3661590000
1334,2020-09-28,3333.89990234375,3351.60009765625,3360.739990234375,3332.909912109375,3950910000
1335,2020-09-25,3236.659912109375,3298.4599609375,3306.8798828125,3228.43994140625,3803330000
1336,2020-09-24,3226.139892578125,3246.590087890625,3278.699951171875,3209.449951171875,4601920000
1337,2020-09-23,3320.110107421875,3236.919921875,3323.35009765625,3232.570068359375,4378650000
1338,2020-09-22,3295.75,3315.570068359375,3320.31005859375,3270.949951171875,3974510000
1339,2020-09-21,3285.570068359375,3281.06005859375,3285.570068359375,3229.10009765625,4836070000
1340,2020-09-18,3357.3798828125,3319.469970703125,3362.27001953125,3292.39990234375,7076400000
1341,2020-09-17,3346.860107421875,3357.010009765625,3375.169921875,3328.820068359375,4379840000
1342,2020-09-16,3411.22998046875,3385.489990234375,3428.919921875,3384.449951171875,4718900000
1343,2020-09-15,3407.72998046875,3401.199951171875,3419.47998046875,3389.25,4057190000
1344,2020-09-14,3363.56005859375,3383.5400390625,3402.929931640625,3363.56005859375,3839580000
1345,2020-09-11,3352.699951171875,3340.969970703125,3368.949951171875,3310.469970703125,3710090000
1346,2020-09-10,3412.56005859375,3339.18994140625,3425.550048828125,3329.25,4208630000
1347,2020-09-09,3369.820068359375,3398.9599609375,3424.77001953125,3366.840087890625,3932520000
1348,2020-09-08,3371.8798828125,3331.840087890625,3379.969970703125,3329.27001953125,4694330000
1349,2020-09-04,3453.60009765625,3426.9599609375,3479.14990234375,3349.6298828125,4438720000
1350,2020-09-03,3564.739990234375,3455.06005859375,3564.85009765625,3427.409912109375,4911830000
1351,2020-09-02,3543.760009765625,3580.840087890625,3588.110107421875,3535.22998046875,4295640000
1352,2020-09-01,3507.43994140625,3526.64990234375,3528.030029296875,3494.60009765625,4101490000
1353,2020-08-31,3509.72998046875,3500.31005859375,3514.77001953125,3493.25,4348280000
1354,2020-08-28,3494.68994140625,3508.010009765625,3509.22998046875,3484.320068359375,3868510000
1355,2020-08-27,3485.139892578125,3484.550048828125,3501.3798828125,3468.35009765625,3955890000
1356,2020-08-26,3449.969970703125,3478.72998046875,3481.070068359375,3444.14990234375,3780530000
1357,2020-08-25,3435.949951171875,3443.6201171875,3444.2099609375,3425.840087890625,3627650000
1358,2020-08-24,3418.090087890625,3431.280029296875,3432.090087890625,3413.1298828125,3743410000
1359,2020-08-21,3386.010009765625,3397.159912109375,3399.9599609375,3379.31005859375,3505010000
1360,2020-08-20,3360.47998046875,3385.510009765625,3390.800048828125,3354.68994140625,3431040000
1361,2020-08-19,3392.510009765625,3374.85009765625,3399.5400390625,3369.659912109375,3679480000
1362,2020-08-18,3387.0400390625,3389.780029296875,3395.06005859375,3370.14990234375,3669550000
1363,2020-08-17,3380.860107421875,3381.989990234375,3387.590087890625,3379.219970703125,3460330000
1364,2020-08-14,3368.659912109375,3372.85009765625,3378.510009765625,3361.639892578125,3200060000
1365,2020-08-13,3372.949951171875,3373.429931640625,3387.239990234375,3363.35009765625,3438730000
1366,2020-08-12,3355.4599609375,3380.35009765625,3387.889892578125,3355.4599609375,3772250000
1367,2020-08-11,3370.340087890625,3333.68994140625,3381.010009765625,3326.43994140625,4880540000
1368,2020-08-10,3356.0400390625,3360.469970703125,3363.2900390625,3335.43994140625,4327920000
1369,2020-08-07,3340.050048828125,3351.280029296875,3352.5400390625,3328.719970703125,4110030000
1370,2020-08-06,3323.169921875,3349.159912109375,3351.030029296875,3318.139892578125,4278930000
1371,2020-08-05,3317.3701171875,3327.77001953125,3330.77001953125,3317.3701171875,4535060000
1372,2020-08-04,3289.919921875,3306.510009765625,3306.840087890625,3286.3701171875,4414380000
1373,2020-08-03,3288.260009765625,3294.610107421875,3302.72998046875,3284.530029296875,4438940000
1374,2020-07-31,3270.449951171875,3271.1201171875,3272.169921875,3220.260009765625,5007530000
1375,2020-07-30,3231.760009765625,3246.219970703125,3250.919921875,3204.1298828125,4264920000
1376,2020-07-29,3227.219970703125,3258.43994140625,3264.739990234375,3227.219970703125,4478200000
1377,2020-07-28,3234.27001953125,3218.43994140625,3243.719970703125,3216.169921875,4053180000
1378,2020-07-27,3219.840087890625,3239.409912109375,3241.429931640625,3214.25,3970310000
1379,2020-07-24,3218.580078125,3215.6298828125,3227.260009765625,3200.050048828125,3689410000
1380,2020-07-23,3271.639892578125,3235.659912109375,3279.989990234375,3222.659912109375,4296760000
1381,2020-07-22,3254.860107421875,3276.02001953125,3279.320068359375,3253.10009765625,4267160000
1382,2020-07-21,3268.52001953125,3257.300048828125,3277.2900390625,3247.77001953125,4556610000
1383,2020-07-20,3224.2900390625,3251.840087890625,3258.610107421875,3215.159912109375,3979340000
1384,2020-07-17,3224.2099609375,3224.72998046875,3233.52001953125,3205.64990234375,4012850000
1385,2020-07-16,3208.360107421875,3215.570068359375,3220.389892578125,3198.590087890625,3972860000
1386,2020-07-15,3225.97998046875,3226.56005859375,3238.280029296875,3200.760009765625,4686830000
1387,2020-07-14,3141.110107421875,3197.52001953125,3200.949951171875,3127.659912109375,4507140000
1388,2020-07-13,3205.080078125,3155.219970703125,3235.320068359375,3149.429931640625,4902440000
1389,2020-07-10,3152.469970703125,3185.0400390625,3186.820068359375,3136.219970703125,4524190000
1390,2020-07-09,3176.169921875,3152.050048828125,3179.780029296875,3115.699951171875,4843650000
1391,2020-07-08,3153.070068359375,3169.93994140625,3171.800048828125,3136.530029296875,4937310000
1392,2020-07-07,3166.43994140625,3145.320068359375,3184.14990234375,3142.929931640625,4571330000
1393,2020-07-06,3155.2900390625,3179.719970703125,3182.590087890625,3155.2900390625,4759160000
1394,2020-07-02,3143.639892578125,3130.010009765625,3165.81005859375,3124.52001953125,4197720000
1395,2020-07-01,3105.919921875,3115.860107421875,3128.43994140625,3101.169921875,4449230000
1396,2020-06-30,3050.199951171875,3100.2900390625,3111.510009765625,3047.830078125,4705850000
1397,2020-06-29,3018.590087890625,3053.239990234375,3053.889892578125,2999.739990234375,4473970000
1398,2020-06-26,3073.199951171875,3009.050048828125,3073.72998046875,3004.6298828125,8107850000
1399,2020-06-25,3046.60009765625,3083.760009765625,3086.25,3024.010009765625,4847690000
1400,2020-06-24,3114.39990234375,3050.330078125,3115.010009765625,3032.1298828125,5597680000
1401,2020-06-23,3138.699951171875,3131.2900390625,3154.89990234375,3127.1201171875,4711850000
1402,2020-06-22,3094.419921875,3117.860107421875,3120.919921875,3079.389892578125,4686690000
1403,2020-06-19,3140.2900390625,3097.739990234375,3155.530029296875,3083.110107421875,8346650000
1404,2020-06-18,3101.639892578125,3115.340087890625,3120.0,3093.510009765625,4448690000
1405,2020-06-17,3136.1298828125,3113.489990234375,3141.159912109375,3108.030029296875,4560450000
1406,2020-06-16,3131.0,3124.739990234375,3153.449951171875,3076.06005859375,5845810000
1407,2020-06-15,2993.760009765625,3066.590087890625,3079.760009765625,2965.659912109375,5757480000
1408,2020-06-12,3071.0400390625,3041.31005859375,3088.419921875,2984.469970703125,5845330000
1409,2020-06-11,3123.530029296875,3002.10009765625,3123.530029296875,2999.489990234375,7037320000
1410,2020-06-10,3213.419921875,3190.139892578125,3223.27001953125,3181.489990234375,6598870000
1411,2020-06-09,3213.320068359375,3207.179931640625,3222.7099609375,3193.110107421875,6410930000
1412,2020-06-08,3199.919921875,3232.389892578125,3233.1298828125,3196.0,8498300000
1413,2020-06-05,3163.840087890625,3193.929931640625,3211.719970703125,3163.840087890625,8639300000
1414,2020-06-04,3111.56005859375,3112.35009765625,3128.909912109375,3090.409912109375,6451290000
1415,2020-06-03,3098.89990234375,3122.8701171875,3130.93994140625,3098.89990234375,6005560000
1416,2020-06-02,3064.780029296875,3080.820068359375,3081.070068359375,3051.639892578125,5197150000
1417,2020-06-01,3038.780029296875,3055.72998046875,3062.179931640625,3031.5400390625,4684170000
1418,2020-05-29,3025.169921875,3044.31005859375,3049.169921875,2998.610107421875,7297550000
1419,2020-05-28,3046.610107421875,3029.72998046875,3068.669921875,3023.39990234375,5447020000
1420,2020-05-27,3015.64990234375,3036.1298828125,3036.25,2969.75,6398000000
1421,2020-05-26,3004.080078125,2991.77001953125,3021.719970703125,2988.169921875,5848500000
1422,2020-05-22,2948.050048828125,2955.449951171875,2956.760009765625,2933.590087890625,3970860000
1423,2020-05-21,2969.949951171875,2948.510009765625,2978.5,2938.570068359375,4976620000
1424,2020-05-20,2953.6298828125,2971.610107421875,2980.2900390625,2953.6298828125,5005380000
1425,2020-05-19,2948.590087890625,2922.93994140625,2964.2099609375,2922.35009765625,4984330000
1426,2020-05-18,2913.860107421875,2953.909912109375,2968.090087890625,2913.860107421875,6373670000
1427,2020-05-15,2829.949951171875,2863.699951171875,2865.010009765625,2816.780029296875,5507700000
1428,2020-05-14,2794.5400390625,2852.5,2852.800048828125,2766.639892578125,5651130000
1429,2020-05-13,2865.860107421875,2820.0,2874.139892578125,2793.14990234375,6151650000
1430,2020-05-12,2939.5,2870.1201171875,2945.820068359375,2869.590087890625,5119630000
1431,2020-05-11,2915.4599609375,2930.18994140625,2944.25,2903.43994140625,4819730000
1432,2020-05-08,2908.830078125,2929.800048828125,2932.159912109375,2902.8798828125,4876030000
1433,2020-05-07,2878.260009765625,2881.18994140625,2901.919921875,2876.47998046875,5178790000
1434,2020-05-06,2883.139892578125,2848.419921875,2891.110107421875,2847.64990234375,4892570000
1435,2020-05-05,2868.8798828125,2868.43994140625,2898.22998046875,2863.550048828125,5140290000
1436,2020-05-04,2815.010009765625,2842.739990234375,2844.239990234375,2797.85009765625,4735930000
1437,2020-05-01,2869.090087890625,2830.7099609375,2869.090087890625,2821.610107421875,4759810000
1438,2020-04-30,2930.909912109375,2912.429931640625,2930.909912109375,2892.469970703125,6544980000
1439,2020-04-29,2918.4599609375,2939.510009765625,2954.860107421875,2912.159912109375,6645640000
1440,2020-04-28,2909.9599609375,2863.389892578125,2921.14990234375,2860.7099609375,5691160000
1441,2020-04-27,2854.64990234375,2878.47998046875,2887.719970703125,2852.889892578125,5203930000
1442,2020-04-24,2812.639892578125,2836.739990234375,2842.7099609375,2791.760009765625,5382810000
1443,2020-04-23,2810.419921875,2797.800048828125,2844.89990234375,2794.260009765625,5773530000
1444,2020-04-22,2787.889892578125,2799.31005859375,2815.10009765625,2775.949951171875,5084920000
1445,2020-04-21,2784.81005859375,2736.56005859375,2785.5400390625,2727.10009765625,5121010000
1446,2020-04-20,2845.6201171875,2823.159912109375,2868.97998046875,2820.429931640625,5228630000
1447,2020-04-17,2842.429931640625,2874.56005859375,2879.219970703125,2830.8798828125,5804810000
1448,2020-04-16,2799.340087890625,2799.550048828125,2806.510009765625,2764.320068359375,5228810000
1449,2020-04-15,2795.639892578125,2783.360107421875,2801.8798828125,2761.5400390625,5208000000
1450,2020-04-14,2805.10009765625,2846.06005859375,2851.85009765625,2805.10009765625,5615730000
1451,2020-04-13,2782.4599609375,2761.6298828125,2782.4599609375,2721.169921875,5319530000
1452,2020-04-09,2776.989990234375,2789.820068359375,2818.570068359375,2762.360107421875,7899550000
1453,2020-04-08,2685.0,2749.97998046875,2760.75,2663.300048828125,5875710000
1454,2020-04-07,2738.64990234375,2659.409912109375,2756.889892578125,2657.669921875,7050410000
1455,2020-04-06,2578.280029296875,2663.679931640625,2676.85009765625,2574.570068359375,6403840000
1456,2020-04-03,2514.919921875,2488.64990234375,2538.179931640625,2459.9599609375,6096970000
1457,2020-04-02,2458.5400390625,2526.89990234375,2533.219970703125,2455.7900390625,6464190000
1458,2020-04-01,2498.080078125,2470.5,2522.75,2447.489990234375,5964000000
1459,2020-03-31,2614.68994140625,2584.590087890625,2641.389892578125,2571.14990234375,6576210000
1460,2020-03-30,2558.97998046875,2626.64990234375,2631.800048828125,2545.280029296875,5751120000
1461,2020-03-27,2555.8701171875,2541.469970703125,2615.909912109375,2520.02001953125,6201670000
1462,2020-03-26,2501.2900390625,2630.070068359375,2637.010009765625,2500.719970703125,7766990000
1463,2020-03-25,2457.77001953125,2475.56005859375,2571.419921875,2407.530029296875,8300010000
1464,2020-03-24,2344.43994140625,2447.330078125,2449.7099609375,2344.43994140625,7563150000
1465,2020-03-23,2290.7099609375,2237.39990234375,2300.72998046875,2191.860107421875,7411380000
1466,2020-03-20,2431.93994140625,2304.919921875,2453.010009765625,2295.56005859375,9053950000
1467,2020-03-19,2393.47998046875,2409.389892578125,2466.969970703125,2319.780029296875,7956100000
1468,2020-03-18,2436.5,2398.10009765625,2453.570068359375,2280.52001953125,8799300000
1469,2020-03-17,2425.659912109375,2529.18994140625,2553.929931640625,2367.0400390625,8370250000
1470,2020-03-16,2508.590087890625,2386.1298828125,2562.97998046875,2380.93994140625,7805450000
1471,2020-03-13,2569.989990234375,2711.02001953125,2711.330078125,2492.3701171875,8299070000
1472,2020-03-12,2630.860107421875,2480.639892578125,2660.949951171875,2478.860107421875,8850810000
1473,2020-03-11,2825.60009765625,2741.3798828125,2825.60009765625,2707.219970703125,7431200000
1474,2020-03-10,2813.47998046875,2882.22998046875,2882.590087890625,2734.0,7642040000
1475,2020-03-09,2863.889892578125,2746.56005859375,2863.889892578125,2734.429931640625,8441290000
1476,2020-03-06,2954.199951171875,2972.3701171875,2985.929931640625,2901.5400390625,6555240000
1477,2020-03-05,3075.699951171875,3023.93994140625,3083.0400390625,2999.830078125,5579290000
1478,2020-03-04,3045.75,3130.1201171875,3130.969970703125,3034.3798828125,5073020000
1479,2020-03-03,3096.4599609375,3003.3701171875,3136.719970703125,2976.6298828125,6376510000
1480,2020-03-02,2974.280029296875,3090.22998046875,3090.9599609375,2945.18994140625,6381330000
1481,2020-02-28,2916.89990234375,2954.219970703125,2959.719970703125,2855.840087890625,8569570000
1482,2020-02-27,3062.5400390625,2978.760009765625,3097.070068359375,2977.389892578125,7064710000
1483,2020-02-26,3139.89990234375,3116.389892578125,3182.510009765625,3108.989990234375,5484650000
1484,2020-02-25,3238.93994140625,3128.2099609375,3246.989990234375,3118.77001953125,5596760000
1485,2020-02-24,3257.610107421875,3225.889892578125,3259.81005859375,3214.64990234375,4851160000
1486,2020-02-21,3360.5,3337.75,3360.760009765625,3328.449951171875,3908780000
1487,2020-02-20,3380.449951171875,3373.22998046875,3389.14990234375,3341.02001953125,4019180000
1488,2020-02-19,3380.389892578125,3386.14990234375,3393.52001953125,3378.830078125,3614200000
1489,2020-02-18,3369.0400390625,3370.2900390625,3375.010009765625,3355.610107421875,3750400000
1490,2020-02-14,3378.080078125,3380.159912109375,3380.68994140625,3366.14990234375,3419700000
1491,2020-02-13,3365.89990234375,3373.93994140625,3385.090087890625,3360.52001953125,3500890000
1492,2020-02-12,3370.5,3379.449951171875,3381.469970703125,3369.719970703125,3930910000
1493,2020-02-11,3365.8701171875,3357.75,3375.6298828125,3352.719970703125,3762940000
1494,2020-02-10,3318.280029296875,3352.090087890625,3352.260009765625,3317.77001953125,3462730000
1495,2020-02-07,3335.5400390625,3327.7099609375,3341.419921875,3322.1201171875,3733920000
1496,2020-02-06,3344.919921875,3345.780029296875,3347.9599609375,3334.389892578125,3887250000
1497,2020-02-05,3324.909912109375,3334.68994140625,3337.580078125,3313.75,4121480000
1498,2020-02-04,3280.610107421875,3297.590087890625,3306.919921875,3280.610107421875,3996900000
1499,2020-02-03,3235.659912109375,3248.919921875,3268.43994140625,3235.659912109375,3760460000
1500,2020-01-31,3282.330078125,3225.52001953125,3282.330078125,3214.679931640625,4529700000
1501,2020-01-30,3256.449951171875,3283.659912109375,3285.909912109375,3242.800048828125,3790350000
1502,2020-01-29,3289.4599609375,3273.39990234375,3293.469970703125,3271.889892578125,3600250000
1503,2020-01-28,3255.35009765625,3276.239990234375,3285.780029296875,3253.219970703125,3531570000
1504,2020-01-27,3247.159912109375,3243.6298828125,3258.85009765625,3234.5,3831050000
1505,2020-01-24,3333.10009765625,3295.469970703125,3333.179931640625,3281.530029296875,3708780000
1506,2020-01-23,3315.77001953125,3325.5400390625,3326.8798828125,3301.8701171875,3766710000
1507,2020-01-22,3330.02001953125,3321.75,3337.77001953125,3320.0400390625,3623780000
1508,2020-01-21,3321.030029296875,3320.7900390625,3329.7900390625,3316.610107421875,4104840000
1509,2020-01-17,3323.659912109375,3329.6201171875,3329.8798828125,3318.860107421875,3726220000
1510,2020-01-16,3302.969970703125,3316.81005859375,3317.110107421875,3302.820068359375,3540580000
1511,2020-01-15,3282.27001953125,3289.2900390625,3298.659912109375,3280.68994140625,3721490000
1512,2020-01-14,3285.35009765625,3283.14990234375,3294.25,3277.18994140625,3687620000
1513,2020-01-13,3271.1298828125,3288.1298828125,3288.1298828125,3268.429931640625,3459390000
1514,2020-01-10,3281.81005859375,3265.35009765625,3282.989990234375,3260.860107421875,3214580000
1515,2020-01-09,3266.030029296875,3274.699951171875,3275.580078125,3263.669921875,3641230000
1516,2020-01-08,3238.590087890625,3253.050048828125,3267.070068359375,3236.669921875,3726840000
1517,2020-01-07,3241.860107421875,3237.179931640625,3244.909912109375,3232.429931640625,3435910000
1518,2020-01-06,3217.550048828125,3246.280029296875,3246.840087890625,3214.639892578125,3702460000
1519,2020-01-03,3226.360107421875,3234.85009765625,3246.14990234375,3222.340087890625,3484700000
1520,2020-01-02,3244.669921875,3257.85009765625,3258.139892578125,3235.530029296875,3459930000
1521,2019-12-31,3215.179931640625,3230.780029296875,3231.719970703125,3212.030029296875,2894760000
1522,2019-12-30,3240.090087890625,3221.2900390625,3240.919921875,3216.570068359375,3021720000
1523,2019-12-27,3247.22998046875,3240.02001953125,3247.929931640625,3234.3701171875,2429150000
1524,2019-12-26,3227.199951171875,3239.909912109375,3240.080078125,3227.199951171875,2164540000
1525,2019-12-24,3225.449951171875,3223.3798828125,3226.429931640625,3220.510009765625,1296530000
1526,2019-12-23,3226.050048828125,3224.010009765625,3227.780029296875,3222.300048828125,3064530000
1527,2019-12-20,3223.330078125,3221.219970703125,3225.64990234375,3216.030029296875,6457480000
1528,2019-12-19,3192.320068359375,3205.3701171875,3205.47998046875,3192.320068359375,3784360000
1529,2019-12-18,3195.2099609375,3191.139892578125,3198.47998046875,3191.139892578125,4029950000
1530,2019-12-17,3195.39990234375,3192.52001953125,3198.219970703125,3191.030029296875,3842940000
1531,2019-12-16,3183.6298828125,3191.449951171875,3197.7099609375,3183.6298828125,4070200000
1532,2019-12-13,3166.64990234375,3168.800048828125,3182.679931640625,3156.510009765625,3757650000
1533,2019-12-12,3141.22998046875,3168.570068359375,3176.280029296875,3138.469970703125,4003200000
1534,2019-12-11,3135.75,3141.6298828125,3143.97998046875,3133.2099609375,3257650000
1535,2019-12-10,3135.360107421875,3132.52001953125,3142.1201171875,3126.090087890625,3346310000
1536,2019-12-09,3141.860107421875,3135.9599609375,3148.8701171875,3135.4599609375,3400470000
1537,2019-12-06,3134.6201171875,3145.909912109375,3150.60009765625,3134.6201171875,3483310000
1538,2019-12-05,3119.2099609375,3117.429931640625,3119.449951171875,3103.760009765625,3360480000
1539,2019-12-04,3103.5,3112.760009765625,3119.3798828125,3102.530029296875,3702980000
1540,2019-12-03,3087.409912109375,3093.199951171875,3094.969970703125,3070.330078125,3671580000
1541,2019-12-02,3143.85009765625,3113.8701171875,3144.31005859375,3110.780029296875,3285750000
1542,2019-11-29,3147.179931640625,3140.97998046875,3150.300048828125,3139.340087890625,1743420000
1543,2019-11-27,3145.489990234375,3153.6298828125,3154.260009765625,3143.409912109375,3035470000
1544,2019-11-26,3134.85009765625,3140.52001953125,3142.68994140625,3131.0,4600450000
1545,2019-11-25,3117.43994140625,3133.639892578125,3133.830078125,3117.43994140625,3514310000
1546,2019-11-22,3111.409912109375,3110.2900390625,3112.8701171875,3099.260009765625,3235270000
1547,2019-11-21,3108.489990234375,3103.5400390625,3110.110107421875,3094.550048828125,3744010000
1548,2019-11-20,3114.659912109375,3108.4599609375,3118.969970703125,3091.409912109375,4041010000
1549,2019-11-19,3127.449951171875,3120.179931640625,3127.639892578125,3113.469970703125,3613670000
1550,2019-11-18,3117.909912109375,3122.030029296875,3124.169921875,3112.06005859375,3440140000
1551,2019-11-15,3107.919921875,3120.4599609375,3120.4599609375,3104.60009765625,3359800000
1552,2019-11-14,3090.75,3096.6298828125,3098.199951171875,3083.260009765625,3282090000
1553,2019-11-13,3084.179931640625,3094.0400390625,3098.06005859375,3078.800048828125,3513720000
1554,2019-11-12,3089.280029296875,3091.840087890625,3102.610107421875,3084.72998046875,3495560000
1555,2019-11-11,3080.330078125,3087.010009765625,3088.330078125,3075.820068359375,3041120000
1556,2019-11-08,3081.25,3093.080078125,3093.090087890625,3073.580078125,3508160000
1557,2019-11-07,3087.02001953125,3085.179931640625,3097.77001953125,3080.22998046875,4151990000
1558,2019-11-06,3075.10009765625,3076.780029296875,3078.340087890625,3065.889892578125,4465510000
1559,2019-11-05,3080.800048828125,3074.6201171875,3083.949951171875,3072.14990234375,4490590000
1560,2019-11-04,3078.9599609375,3078.27001953125,3085.199951171875,3074.8701171875,4178040000
1561,2019-11-01,3050.719970703125,3066.909912109375,3066.949951171875,3050.719970703125,3956290000
1562,2019-10-31,3046.89990234375,3037.56005859375,3046.89990234375,3023.18994140625,4149310000
1563,2019-10-30,3039.739990234375,3046.77001953125,3050.10009765625,3025.9599609375,3779660000
1564,2019-10-29,3035.389892578125,3036.889892578125,3047.8701171875,3034.81005859375,3594430000
1565,2019-10-28,3032.1201171875,3039.419921875,3044.080078125,3032.1201171875,3524970000
1566,2019-10-25,3003.320068359375,3022.550048828125,3027.389892578125,3001.93994140625,3379060000
1567,2019-10-24,3014.780029296875,3010.2900390625,3016.070068359375,3000.419921875,3696510000
1568,2019-10-23,2994.010009765625,3004.52001953125,3004.780029296875,2991.2099609375,3413600000
1569,2019-10-22,3010.72998046875,2995.989990234375,3014.570068359375,2995.0400390625,3527540000
1570,2019-10-21,2996.47998046875,3006.719970703125,3007.330078125,2995.35009765625,3271960000
1571,2019-10-18,2996.840087890625,2986.199951171875,3000.0,2976.31005859375,3268970000
1572,2019-10-17,3000.77001953125,2997.949951171875,3008.2900390625,2991.7900390625,3103470000
1573,2019-10-16,2989.679931640625,2989.68994140625,2997.5400390625,2985.199951171875,3230320000
1574,2019-10-15,2973.610107421875,2995.679931640625,3003.280029296875,2973.610107421875,3345090000
1575,2019-10-14,2965.81005859375,2966.14990234375,2972.840087890625,2962.93994140625,2559270000
1576,2019-10-11,2963.070068359375,2970.27001953125,2993.280029296875,2963.070068359375,3581320000
1577,2019-10-10,2918.550048828125,2938.1298828125,2948.4599609375,2917.1201171875,3234400000
1578,2019-10-09,2911.10009765625,2919.39990234375,2929.320068359375,2907.409912109375,2735350000
1579,2019-10-08,2920.39990234375,2893.06005859375,2925.469970703125,2892.659912109375,3370700000
1580,2019-10-07,2944.22998046875,2938.7900390625,2959.75,2935.679931640625,2959050000
1581,2019-10-04,2918.56005859375,2952.010009765625,2953.739990234375,2918.56005859375,3005600000
1582,2019-10-03,2885.3798828125,2910.6298828125,2911.1298828125,2855.93994140625,3515130000
1583,2019-10-02,2924.780029296875,2887.610107421875,2924.780029296875,2874.929931640625,3914180000
1584,2019-10-01,2983.68994140625,2940.25,2992.530029296875,2938.699951171875,3560750000
1585,2019-09-30,2967.070068359375,2976.739990234375,2983.85009765625,2967.070068359375,3249130000
1586,2019-09-27,2985.469970703125,2961.7900390625,2987.31005859375,2945.530029296875,3246480000
1587,2019-09-26,2985.72998046875,2977.6201171875,2987.280029296875,2963.7099609375,3084910000
1588,2019-09-25,2968.35009765625,2984.8701171875,2989.820068359375,2952.860107421875,3331200000
1589,2019-09-24,3002.429931640625,2966.60009765625,3007.97998046875,2957.72998046875,3872800000
1590,2019-09-23,2983.5,2991.780029296875,2999.14990234375,2982.22998046875,3187250000
1591,2019-09-20,3008.419921875,2992.070068359375,3016.3701171875,2984.679931640625,6103440000
1592,2019-09-19,3010.360107421875,3006.7900390625,3021.989990234375,3003.159912109375,3265660000
1593,2019-09-18,3001.5,3006.72998046875,3007.830078125,2978.570068359375,3458800000
1594,2019-09-17,2995.669921875,3005.699951171875,3006.2099609375,2993.72998046875,3673250000
1595,2019-09-16,2996.409912109375,2997.9599609375,3002.18994140625,2990.669921875,4285860000
1596,2019-09-13,3012.2099609375,3007.389892578125,3017.330078125,3002.89990234375,3557010000
1597,2019-09-12,3009.080078125,3009.570068359375,3020.739990234375,3000.919921875,3796990000
1598,2019-09-11,2981.409912109375,3000.929931640625,3000.929931640625,2975.31005859375,3934370000
1599,2019-09-10,2971.010009765625,2979.389892578125,2979.389892578125,2957.010009765625,4393040000
1600,2019-09-09,2988.429931640625,2978.429931640625,2989.429931640625,2969.389892578125,4031120000
1601,2019-09-06,2980.330078125,2978.7099609375,2985.030029296875,2972.510009765625,3209340000
1602,2019-09-05,2960.60009765625,2976.0,2985.860107421875,2960.60009765625,3902600000
1603,2019-09-04,2924.669921875,2937.780029296875,2938.840087890625,2921.860107421875,3167900000
1604,2019-09-03,2909.010009765625,2906.27001953125,2914.389892578125,2891.85009765625,3427830000
1605,2019-08-30,2937.090087890625,2926.4599609375,2940.429931640625,2913.320068359375,3009910000
1606,2019-08-29,2910.3701171875,2924.580078125,2930.5,2905.669921875,3177150000
1607,2019-08-28,2861.280029296875,2887.93994140625,2890.030029296875,2853.050048828125,3102480000
1608,2019-08-27,2893.139892578125,2869.159912109375,2898.7900390625,2860.590087890625,3537490000
1609,2019-08-26,2866.699951171875,2878.3798828125,2879.27001953125,2856.0,2859790000
1610,2019-08-23,2911.070068359375,2847.110107421875,2927.010009765625,2834.969970703125,3942520000
1611,2019-08-22,2930.93994140625,2922.949951171875,2939.080078125,2904.510009765625,2893660000
1612,2019-08-21,2922.0400390625,2924.429931640625,2928.72998046875,2917.909912109375,3016540000
1613,2019-08-20,2919.010009765625,2900.510009765625,2923.6298828125,2899.60009765625,3067710000
1614,2019-08-19,2913.47998046875,2923.64990234375,2931.0,2913.47998046875,3221050000
1615,2019-08-16,2864.739990234375,2888.679931640625,2893.6298828125,2864.739990234375,3524080000
1616,2019-08-15,2846.199951171875,2847.60009765625,2856.669921875,2825.510009765625,4041720000
1617,2019-08-14,2894.14990234375,2840.60009765625,2894.14990234375,2839.639892578125,4325150000
1618,2019-08-13,2880.719970703125,2926.320068359375,2943.31005859375,2877.050048828125,3857190000
1619,2019-08-12,2907.070068359375,2882.699951171875,2907.580078125,2873.139892578125,3328570000
1620,2019-08-09,2930.510009765625,2918.64990234375,2935.75,2900.14990234375,3356850000
1621,2019-08-08,2896.2099609375,2938.090087890625,2938.719970703125,2894.469970703125,4118530000
1622,2019-08-07,2858.64990234375,2883.97998046875,2892.169921875,2825.7099609375,4512720000
1623,2019-08-06,2861.179931640625,2881.77001953125,2884.39990234375,2847.419921875,4156640000
1624,2019-08-05,2898.070068359375,2844.739990234375,2898.070068359375,2822.1201171875,4542850000
1625,2019-08-02,2943.89990234375,2932.050048828125,2945.5,2914.110107421875,3882810000
1626,2019-08-01,2980.320068359375,2953.56005859375,3013.590087890625,2945.22998046875,4793810000
1627,2019-07-31,3016.219970703125,2980.3798828125,3017.39990234375,2958.080078125,4626330000
1628,2019-07-30,3007.659912109375,3013.179931640625,3017.18994140625,3000.93994140625,3632770000
1629,2019-07-29,3024.469970703125,3020.969970703125,3025.610107421875,3014.300048828125,3224490000
1630,2019-07-26,3013.25,3025.860107421875,3027.97998046875,3012.590087890625,3260170000
1631,2019-07-25,3016.260009765625,3003.669921875,3016.31005859375,2997.239990234375,3657050000
1632,2019-07-24,2998.77001953125,3019.56005859375,3019.590087890625,2996.820068359375,3433220000
1633,2019-07-23,2994.739990234375,3005.469970703125,3005.89990234375,2988.56005859375,3333810000
1634,2019-07-22,2981.929931640625,2985.030029296875,2990.7099609375,2976.64990234375,3016200000
1635,2019-07-19,3004.260009765625,2976.610107421875,3006.02001953125,2975.860107421875,3285890000
1636,2019-07-18,2978.8701171875,2995.110107421875,2998.280029296875,2973.090087890625,3369820000
1637,2019-07-17,3005.10009765625,2984.419921875,3005.260009765625,2984.25,3185650000
1638,2019-07-16,3012.1298828125,3004.0400390625,3015.02001953125,3001.14990234375,3297030000
1639,2019-07-15,3017.800048828125,3014.300048828125,3017.800048828125,3008.77001953125,2876100000
1640,2019-07-12,3003.360107421875,3013.77001953125,3013.919921875,3001.8701171875,2984140000
1641,2019-07-11,2999.6201171875,2999.909912109375,3002.330078125,2988.800048828125,3155710000
1642,2019-07-10,2989.300048828125,2993.070068359375,3002.97998046875,2984.6201171875,3157800000
1643,2019-07-09,2965.52001953125,2979.6298828125,2981.89990234375,2963.43994140625,3033330000
1644,2019-07-08,2979.77001953125,2975.949951171875,2980.760009765625,2970.090087890625,2922360000
1645,2019-07-05,2984.25,2990.409912109375,2994.030029296875,2967.969970703125,2434680000
1646,2019-07-03,2978.080078125,2995.820068359375,2995.840087890625,2977.9599609375,1963570000
1647,2019-07-02,2964.659912109375,2973.010009765625,2973.2099609375,2955.919921875,3224490000
1648,2019-07-01,2971.409912109375,2964.330078125,2977.929931640625,2952.219970703125,3524860000
1649,2019-06-28,2932.93994140625,2941.760009765625,2943.97998046875,2929.050048828125,5422650000
1650,2019-06-27,2919.659912109375,2924.919921875,2929.300048828125,2918.570068359375,3162500000
1651,2019-06-26,2926.070068359375,2913.780029296875,2932.590087890625,2912.989990234375,3511350000
1652,2019-06-25,2945.780029296875,2917.3798828125,2946.52001953125,2916.010009765625,3579430000
1653,2019-06-24,2951.419921875,2945.35009765625,2954.919921875,2944.050048828125,3136960000
1654,2019-06-21,2952.7099609375,2950.4599609375,2964.14990234375,2946.8701171875,5003540000
1655,2019-06-20,2949.60009765625,2954.179931640625,2958.06005859375,2931.5,3943060000
1656,2019-06-19,2920.550048828125,2926.4599609375,2931.739990234375,2911.429931640625,3300220000
1657,2019-06-18,2906.7099609375,2917.75,2930.7900390625,2905.43994140625,3441540000
1658,2019-06-17,2889.75,2889.669921875,2897.27001953125,2887.300048828125,2828400000
1659,2019-06-14,2886.820068359375,2886.97998046875,2894.449951171875,2879.6201171875,2992810000
1660,2019-06-13,2886.239990234375,2891.639892578125,2895.239990234375,2881.989990234375,3100640000
1661,2019-06-12,2882.72998046875,2879.840087890625,2888.570068359375,2874.679931640625,3039870000
1662,2019-06-11,2903.27001953125,2885.719970703125,2910.610107421875,2878.530029296875,3551000000
1663,2019-06-10,2885.830078125,2886.72998046875,2904.77001953125,2885.510009765625,3209890000
1664,2019-06-07,2852.8701171875,2873.340087890625,2884.969970703125,2852.8701171875,3244380000
1665,2019-06-06,2828.510009765625,2843.489990234375,2852.10009765625,2822.449951171875,3445140000
1666,2019-06-05,2818.090087890625,2826.14990234375,2827.280029296875,2800.919921875,3570760000
1667,2019-06-04,2762.639892578125,2803.27001953125,2804.489990234375,2762.639892578125,3814130000
1668,2019-06-03,2751.530029296875,2744.449951171875,2763.070068359375,2728.81005859375,3952360000
1669,2019-05-31,2766.14990234375,2752.06005859375,2768.97998046875,2750.52001953125,3982670000
1670,2019-05-30,2786.93994140625,2788.860107421875,2799.0,2776.739990234375,3276030000
1671,2019-05-29,2790.25,2783.02001953125,2792.030029296875,2766.06005859375,3701110000
1672,2019-05-28,2830.030029296875,2802.389892578125,2840.510009765625,2801.580078125,4146980000
1673,2019-05-24,2832.409912109375,2826.06005859375,2841.360107421875,2820.18994140625,2889230000
1674,2019-05-23,2836.699951171875,2822.239990234375,2836.699951171875,2805.489990234375,3899320000
1675,2019-05-22,2856.06005859375,2856.27001953125,2865.469970703125,2851.110107421875,3194000000
1676,2019-05-21,2854.02001953125,2864.360107421875,2868.8798828125,2854.02001953125,3223050000
1677,2019-05-20,2841.93994140625,2840.22998046875,2853.860107421875,2831.2900390625,3293750000
1678,2019-05-17,2858.60009765625,2859.530029296875,2885.47998046875,2854.22998046875,3316040000
1679,2019-05-16,2855.800048828125,2876.320068359375,2892.14990234375,2855.800048828125,3338470000
1680,2019-05-15,2820.3798828125,2850.9599609375,2858.679931640625,2815.080078125,3140900000
1681,2019-05-14,2820.1201171875,2834.409912109375,2852.5400390625,2820.1201171875,3354860000
1682,2019-05-13,2840.18994140625,2811.8701171875,2840.18994140625,2801.429931640625,3900270000
1683,2019-05-10,2863.10009765625,2881.39990234375,2891.31005859375,2825.389892578125,3566780000
1684,2019-05-09,2859.840087890625,2870.719970703125,2875.969970703125,2836.39990234375,3659050000
1685,2019-05-08,2879.610107421875,2879.419921875,2897.9599609375,2873.280029296875,3543110000
1686,2019-05-07,2913.030029296875,2884.050048828125,2913.030029296875,2862.60009765625,3793060000
1687,2019-05-06,2908.889892578125,2932.469970703125,2937.320068359375,2898.2099609375,3203260000
1688,2019-05-03,2929.2099609375,2945.639892578125,2947.85009765625,2929.2099609375,3357180000
1689,2019-05-02,2922.159912109375,2917.52001953125,2931.679931640625,2900.5,3802290000
1690,2019-05-01,2952.330078125,2923.72998046875,2954.1298828125,2923.360107421875,3669330000
1691,2019-04-30,2937.139892578125,2945.830078125,2948.219970703125,2924.110107421875,3939760000
1692,2019-04-29,2940.580078125,2943.030029296875,2949.52001953125,2939.35009765625,3150390000
1693,2019-04-26,2925.81005859375,2939.8798828125,2939.8798828125,2917.56005859375,3264390000
1694,2019-04-25,2928.989990234375,2926.169921875,2933.10009765625,2912.840087890625,3440010000
1695,2019-04-24,2934.0,2927.25,2936.830078125,2926.050048828125,3468480000
1696,2019-04-23,2909.989990234375,2933.679931640625,2936.31005859375,2908.530029296875,3674480000
1697,2019-04-22,2898.780029296875,2907.969970703125,2909.510009765625,2896.35009765625,3010130000
1698,2019-04-18,2904.81005859375,2905.030029296875,2908.39990234375,2891.89990234375,3507100000
1699,2019-04-17,2916.0400390625,2900.449951171875,2918.0,2895.449951171875,3648100000
1700,2019-04-16,2912.260009765625,2907.06005859375,2916.06005859375,2900.7099609375,3403120000
1701,2019-04-15,2908.320068359375,2905.580078125,2909.60009765625,2896.47998046875,3114530000
1702,2019-04-12,2900.860107421875,2907.409912109375,2910.5400390625,2898.3701171875,3726050000
1703,2019-04-11,2891.919921875,2888.320068359375,2893.419921875,2881.989990234375,2970650000
1704,2019-04-10,2881.3701171875,2888.2099609375,2889.7099609375,2879.1298828125,3092230000
1705,2019-04-09,2886.580078125,2878.199951171875,2886.8798828125,2873.330078125,3032480000
1706,2019-04-08,2888.4599609375,2895.77001953125,2895.949951171875,2880.780029296875,3056460000
1707,2019-04-05,2884.159912109375,2892.739990234375,2893.239990234375,2882.989990234375,3155970000
1708,2019-04-04,2873.989990234375,2879.389892578125,2881.280029296875,2867.139892578125,3038740000
1709,2019-04-03,2876.090087890625,2873.39990234375,2885.25,2865.169921875,3570000000
1710,2019-04-02,2868.239990234375,2867.239990234375,2872.89990234375,2858.75,3267210000
1711,2019-04-01,2848.6298828125,2867.18994140625,2869.39990234375,2848.6298828125,3560090000
1712,2019-03-29,2828.27001953125,2834.39990234375,2836.030029296875,2819.22998046875,3752520000
1713,2019-03-28,2809.39990234375,2815.43994140625,2819.7099609375,2798.77001953125,3185460000
1714,2019-03-27,2819.719970703125,2805.3701171875,2825.56005859375,2787.719970703125,3422400000
1715,2019-03-26,2812.659912109375,2818.4599609375,2829.8701171875,2803.989990234375,3288570000
1716,2019-03-25,2796.010009765625,2798.360107421875,2809.7900390625,2785.02001953125,3406110000
1717,2019-03-22,2844.52001953125,2800.7099609375,2846.159912109375,2800.469970703125,4253730000
1718,2019-03-21,2819.719970703125,2854.8798828125,2860.31005859375,2817.3798828125,3612620000
1719,2019-03-20,2831.340087890625,2824.22998046875,2843.5400390625,2812.429931640625,3779160000
1720,2019-03-19,2840.760009765625,2832.570068359375,2852.419921875,2823.27001953125,3650740000
1721,2019-03-18,2822.610107421875,2832.93994140625,2835.409912109375,2821.989990234375,3620770000
1722,2019-03-15,2810.7900390625,2822.47998046875,2830.72998046875,2810.7900390625,5969780000
1723,2019-03-14,2810.3798828125,2808.47998046875,2815.0,2803.4599609375,3505670000
1724,2019-03-13,2799.780029296875,2810.919921875,2821.239990234375,2799.780029296875,3782250000
1725,2019-03-12,2787.340087890625,2791.52001953125,2798.320068359375,2786.72998046875,3432340000
1726,2019-03-11,2747.610107421875,2783.300048828125,2784.0,2747.610107421875,3764850000
1727,2019-03-08,2730.7900390625,2743.070068359375,2744.1298828125,2722.27001953125,3424300000
1728,2019-03-07,2766.530029296875,2748.929931640625,2767.25,2739.090087890625,3932150000
1729,2019-03-06,2790.27001953125,2771.449951171875,2790.27001953125,2768.68994140625,3800180000
1730,2019-03-05,2794.409912109375,2789.64990234375,2796.43994140625,2782.969970703125,3631380000
1731,2019-03-04,2814.3701171875,2792.81005859375,2816.8798828125,2767.659912109375,3949730000
1732,2019-03-01,2798.219970703125,2803.68994140625,2808.02001953125,2787.3798828125,3994950000
1733,2019-02-28,2788.110107421875,2784.489990234375,2793.72998046875,2782.510009765625,4445780000
1734,2019-02-27,2787.5,2792.3798828125,2795.760009765625,2775.1298828125,3771790000
1735,2019-02-26,2792.360107421875,2793.89990234375,2803.1201171875,2789.469970703125,3676200000
1736,2019-02-25,2804.35009765625,2796.110107421875,2813.489990234375,2794.989990234375,3860260000
1737,2019-02-22,2780.669921875,2792.669921875,2794.199951171875,2779.110107421875,3429350000
1738,2019-02-21,2780.239990234375,2774.8798828125,2781.580078125,2764.550048828125,3598260000
1739,2019-02-20,2779.050048828125,2784.699951171875,2789.8798828125,2774.06005859375,3904830000
1740,2019-02-19,2769.280029296875,2779.760009765625,2787.330078125,2767.2900390625,3535270000
1741,2019-02-15,2760.239990234375,2775.60009765625,2775.659912109375,2760.239990234375,3648680000
1742,2019-02-14,2743.5,2745.72998046875,2757.89990234375,2731.22998046875,3845390000
1743,2019-02-13,2750.300048828125,2753.030029296875,2761.85009765625,2748.6298828125,3684910000
1744,2019-02-12,2722.610107421875,2744.72998046875,2748.18994140625,2722.610107421875,3843020000
1745,2019-02-11,2712.39990234375,2709.800048828125,2718.050048828125,2703.7900390625,3395330000
1746,2019-02-08,2692.360107421875,2707.8798828125,2708.070068359375,2681.830078125,3649510000
1747,2019-02-07,2717.530029296875,2706.050048828125,2719.320068359375,2687.260009765625,4114040000
1748,2019-02-06,2735.050048828125,2731.610107421875,2738.080078125,2724.14990234375,3486590000
1749,2019-02-05,2728.340087890625,2737.699951171875,2738.97998046875,2724.030029296875,3597620000
1750,2019-02-04,2706.489990234375,2724.8701171875,2724.989990234375,2698.75,3369450000
1751,2019-02-01,2702.320068359375,2706.530029296875,2716.659912109375,2696.8798828125,3782490000
1752,2019-01-31,2685.489990234375,2704.10009765625,2708.949951171875,2678.64990234375,4953800000
1753,2019-01-30,2653.6201171875,2681.050048828125,2690.43994140625,2648.340087890625,3883270000
1754,2019-01-29,2644.889892578125,2640.0,2650.929931640625,2631.050048828125,3518070000
1755,2019-01-28,2644.969970703125,2643.85009765625,2644.969970703125,2624.06005859375,3630820000
1756,2019-01-25,2657.43994140625,2664.760009765625,2672.3798828125,2657.330078125,3821000000
1757,2019-01-24,2638.840087890625,2642.330078125,2647.199951171875,2627.010009765625,3449230000
1758,2019-01-23,2643.47998046875,2638.699951171875,2653.18994140625,2612.860107421875,3358770000
1759,2019-01-22,2657.8798828125,2632.89990234375,2657.8798828125,2617.27001953125,3923950000
1760,2019-01-18,2651.27001953125,2670.7099609375,2675.469970703125,2647.580078125,4009010000
1761,2019-01-17,2609.280029296875,2635.9599609375,2645.06005859375,2606.360107421875,3802410000
1762,2019-01-16,2614.75,2616.10009765625,2625.760009765625,2612.679931640625,3882180000
1763,2019-01-15,2585.10009765625,2610.300048828125,2613.080078125,2585.10009765625,3601180000
1764,2019-01-14,2580.31005859375,2582.610107421875,2589.320068359375,2570.409912109375,3689370000
1765,2019-01-11,2588.110107421875,2596.260009765625,2596.27001953125,2577.39990234375,3447460000
1766,2019-01-10,2573.510009765625,2596.639892578125,2597.820068359375,2562.02001953125,3721300000
1767,2019-01-09,2580.0,2584.9599609375,2595.320068359375,2568.889892578125,4088740000
1768,2019-01-08,2568.110107421875,2574.409912109375,2579.820068359375,2547.56005859375,4120060000
1769,2019-01-07,2535.610107421875,2549.68994140625,2566.159912109375,2524.56005859375,4133120000
1770,2019-01-04,2474.330078125,2531.93994140625,2538.070068359375,2474.330078125,4234140000
1771,2019-01-03,2491.919921875,2447.889892578125,2493.139892578125,2443.9599609375,3858830000
1772,2019-01-02,2476.9599609375,2510.030029296875,2519.489990234375,2467.469970703125,3733160000
1773,2018-12-31,2498.93994140625,2506.85009765625,2509.239990234375,2482.820068359375,3461920000
1774,2018-12-28,2498.77001953125,2485.739990234375,2520.27001953125,2472.889892578125,3728440000
1775,2018-12-27,2442.5,2488.830078125,2489.10009765625,2397.93994140625,4139010000
1776,2018-12-26,2363.1201171875,2467.699951171875,2467.760009765625,2346.580078125,4249740000
1777,2018-12-24,2400.56005859375,2351.10009765625,2410.340087890625,2351.10009765625,2613670000
1778,2018-12-21,2465.3798828125,2416.6201171875,2504.409912109375,2408.550048828125,7657890000
1779,2018-12-20,2496.77001953125,2467.419921875,2509.6298828125,2441.179931640625,5619780000
1780,2018-12-19,2547.050048828125,2506.9599609375,2585.2900390625,2488.9599609375,5152830000
1781,2018-12-18,2559.89990234375,2546.159912109375,2573.989990234375,2528.7099609375,4519190000
1782,2018-12-17,2590.75,2545.93994140625,2601.1298828125,2530.5400390625,4661420000
1783,2018-12-14,2629.679931640625,2599.949951171875,2635.070068359375,2593.840087890625,4064370000
1784,2018-12-13,2658.699951171875,2650.5400390625,2670.18994140625,2637.27001953125,3978340000
1785,2018-12-12,2658.22998046875,2651.070068359375,2685.43994140625,2650.260009765625,4029300000
1786,2018-12-11,2664.43994140625,2636.780029296875,2674.35009765625,2621.300048828125,3963440000
1787,2018-12-10,2630.860107421875,2637.719970703125,2647.510009765625,2583.22998046875,4162880000
1788,2018-12-07,2691.260009765625,2633.080078125,2708.5400390625,2623.139892578125,4242240000
1789,2018-12-06,2663.510009765625,2695.949951171875,2696.14990234375,2621.530029296875,5180430000
1790,2018-12-04,2782.429931640625,2700.06005859375,2785.929931640625,2697.179931640625,4515710000
1791,2018-12-03,2790.5,2790.3701171875,2800.179931640625,2773.3798828125,4221580000
1792,2018-11-30,2737.760009765625,2760.169921875,2760.8798828125,2732.760009765625,4668310000
1793,2018-11-29,2736.969970703125,2737.800048828125,2753.75,2722.93994140625,3599200000
1794,2018-11-28,2691.449951171875,2743.7900390625,2744.0,2684.3798828125,3984540000
1795,2018-11-27,2663.75,2682.169921875,2682.530029296875,2655.889892578125,3494380000
1796,2018-11-26,2649.969970703125,2673.449951171875,2674.35009765625,2649.969970703125,3523520000
1797,2018-11-23,2633.360107421875,2632.56005859375,2647.550048828125,2631.090087890625,1651680000
1798,2018-11-21,2657.739990234375,2649.929931640625,2670.72998046875,2649.820068359375,3237400000
1799,2018-11-20,2654.60009765625,2641.889892578125,2669.43994140625,2631.52001953125,4370820000
1800,2018-11-19,2730.739990234375,2690.72998046875,2733.159912109375,2681.090087890625,3806940000
1801,2018-11-16,2718.5400390625,2736.27001953125,2746.75,2712.159912109375,3996970000
1802,2018-11-15,2693.52001953125,2730.199951171875,2735.3798828125,2670.75,4204960000
1803,2018-11-14,2737.89990234375,2701.580078125,2746.800048828125,2685.75,4449060000
1804,2018-11-13,2730.050048828125,2722.179931640625,2754.60009765625,2714.97998046875,4112820000
1805,2018-11-12,2773.929931640625,2726.219970703125,2775.989990234375,2722.0,3701570000
1806,2018-11-09,2794.10009765625,2781.010009765625,2794.10009765625,2764.239990234375,4029030000
1807,2018-11-08,2806.3798828125,2806.830078125,2814.75,2794.989990234375,3673550000
1808,2018-11-07,2774.1298828125,2813.889892578125,2815.14990234375,2774.1298828125,3929080000
1809,2018-11-06,2738.39990234375,2755.449951171875,2756.820068359375,2737.080078125,3543800000
1810,2018-11-05,2726.3701171875,2738.31005859375,2744.27001953125,2717.93994140625,3650910000
1811,2018-11-02,2745.449951171875,2723.06005859375,2756.550048828125,2700.43994140625,4261230000
1812,2018-11-01,2717.580078125,2740.3701171875,2741.669921875,2708.85009765625,4730250000
1813,2018-10-31,2705.60009765625,2711.739990234375,2736.68994140625,2705.60009765625,5133380000
1814,2018-10-30,2640.679931640625,2682.6298828125,2685.429931640625,2635.340087890625,5125600000
1815,2018-10-29,2682.64990234375,2641.25,2706.85009765625,2603.5400390625,4701260000
1816,2018-10-26,2667.860107421875,2658.68994140625,2692.3798828125,2628.159912109375,4804330000
1817,2018-10-25,2674.8798828125,2705.570068359375,2722.699951171875,2667.840087890625,4663930000
1818,2018-10-24,2737.8701171875,2656.10009765625,2742.590087890625,2651.889892578125,4738670000
1819,2018-10-23,2721.030029296875,2740.68994140625,2753.590087890625,2691.429931640625,4373710000
1820,2018-10-22,2773.93994140625,2755.8798828125,2778.93994140625,2749.219970703125,3331270000
1821,2018-10-19,2775.659912109375,2767.780029296875,2797.77001953125,2760.27001953125,3593940000
1822,2018-10-18,2802.0,2768.780029296875,2806.0400390625,2755.179931640625,3639300000
1823,2018-10-17,2811.669921875,2809.2099609375,2816.93994140625,2781.81005859375,3347090000
1824,2018-10-16,2767.050048828125,2809.919921875,2813.4599609375,2766.909912109375,3460260000
1825,2018-10-15,2763.830078125,2750.7900390625,2775.989990234375,2749.030029296875,3327160000
1826,2018-10-12,2770.5400390625,2767.1298828125,2775.77001953125,2729.43994140625,4024010000
1827,2018-10-11,2776.8701171875,2728.3701171875,2795.139892578125,2710.510009765625,4914090000
1828,2018-10-10,2873.89990234375,2785.679931640625,2874.02001953125,2784.860107421875,4554260000
1829,2018-10-09,2882.510009765625,2880.340087890625,2894.830078125,2874.27001953125,3531690000
1830,2018-10-08,2877.530029296875,2884.429931640625,2889.449951171875,2862.080078125,3381820000
1831,2018-10-05,2902.5400390625,2885.570068359375,2909.639892578125,2869.2900390625,3340820000
1832,2018-10-04,2919.35009765625,2901.610107421875,2919.780029296875,2883.919921875,3510370000
1833,2018-10-03,2931.68994140625,2925.510009765625,2939.860107421875,2921.360107421875,3625510000
1834,2018-10-02,2923.800048828125,2923.429931640625,2931.419921875,2919.3701171875,3432620000
1835,2018-10-01,2926.2900390625,2924.590087890625,2937.06005859375,2917.909912109375,3375890000
1836,2018-09-28,2910.030029296875,2913.97998046875,2920.530029296875,2907.5,3461680000
1837,2018-09-27,2911.64990234375,2914.0,2927.219970703125,2909.27001953125,3101360000
1838,2018-09-26,2916.97998046875,2905.969970703125,2931.14990234375,2903.280029296875,3417540000
1839,2018-09-25,2921.75,2915.56005859375,2923.949951171875,2913.699951171875,3330880000
1840,2018-09-24,2921.830078125,2919.3701171875,2923.7900390625,2912.6298828125,3392030000
1841,2018-09-21,2936.760009765625,2929.669921875,2940.909912109375,2927.110107421875,5652470000
1842,2018-09-20,2919.72998046875,2930.75,2934.800048828125,2919.72998046875,3406520000
1843,2018-09-19,2906.60009765625,2907.949951171875,2912.360107421875,2903.820068359375,3302460000
1844,2018-09-18,2890.739990234375,2904.31005859375,2911.169921875,2890.429931640625,3091190000
1845,2018-09-17,2903.830078125,2888.800048828125,2904.64990234375,2886.159912109375,2967980000
1846,2018-09-14,2906.3798828125,2904.97998046875,2908.300048828125,2895.77001953125,3179410000
1847,2018-09-13,2896.85009765625,2904.179931640625,2906.760009765625,2896.389892578125,3274090000
1848,2018-09-12,2888.2900390625,2888.919921875,2894.64990234375,2879.199951171875,3341280000
1849,2018-09-11,2871.570068359375,2887.889892578125,2892.52001953125,2866.780029296875,2904500000
1850,2018-09-10,2881.389892578125,2877.1298828125,2886.929931640625,2875.93994140625,2751100000
1851,2018-09-07,2868.260009765625,2871.679931640625,2883.81005859375,2864.1201171875,2976580000
1852,2018-09-06,2888.639892578125,2878.050048828125,2892.050048828125,2867.2900390625,3144240000
1853,2018-09-05,2891.590087890625,2888.60009765625,2894.2099609375,2876.919921875,3248780000
1854,2018-09-04,2896.9599609375,2896.719970703125,2900.179931640625,2885.1298828125,3087420000
1855,2018-08-31,2898.3701171875,2901.52001953125,2906.320068359375,2891.72998046875,2887220000
1856,2018-08-30,2908.93994140625,2901.1298828125,2912.4599609375,2895.219970703125,2810450000
1857,2018-08-29,2900.6201171875,2914.0400390625,2916.5,2898.39990234375,2805520000
1858,2018-08-28,2901.449951171875,2897.52001953125,2903.77001953125,2893.5,2687770000
1859,2018-08-27,2884.68994140625,2896.739990234375,2898.25,2884.68994140625,2865070000
1860,2018-08-24,2862.35009765625,2874.68994140625,2876.159912109375,2862.35009765625,2603010000
1861,2018-08-23,2860.2900390625,2856.97998046875,2868.780029296875,2854.030029296875,2724450000
1862,2018-08-22,2860.989990234375,2861.820068359375,2867.5400390625,2856.050048828125,2701250000
1863,2018-08-21,2861.510009765625,2862.9599609375,2873.22998046875,2861.320068359375,3174010000
1864,2018-08-20,2853.929931640625,2857.050048828125,2859.760009765625,2850.6201171875,2757150000
1865,2018-08-17,2838.320068359375,2850.1298828125,2855.6298828125,2833.72998046875,3037640000
1866,2018-08-16,2831.43994140625,2840.68994140625,2850.489990234375,2831.43994140625,3232000000
1867,2018-08-15,2827.949951171875,2818.3701171875,2827.949951171875,2802.489990234375,3656680000
1868,2018-08-14,2827.8798828125,2839.9599609375,2843.110107421875,2826.580078125,2986500000
1869,2018-08-13,2835.4599609375,2821.929931640625,2843.39990234375,2819.8798828125,3173630000
1870,2018-08-10,2838.89990234375,2833.280029296875,2842.199951171875,2825.81005859375,3265590000
1871,2018-08-09,2857.18994140625,2853.580078125,2862.47998046875,2851.97998046875,3066180000
1872,2018-08-08,2856.7900390625,2857.699951171875,2862.43994140625,2853.090087890625,2978070000
1873,2018-08-07,2855.919921875,2858.449951171875,2863.429931640625,2855.919921875,3185440000
1874,2018-08-06,2840.2900390625,2850.39990234375,2853.2900390625,2835.97998046875,2879020000
1875,2018-08-03,2829.6201171875,2840.35009765625,2840.3798828125,2827.3701171875,3043690000
1876,2018-08-02,2800.47998046875,2827.219970703125,2829.909912109375,2796.340087890625,3501380000
1877,2018-08-01,2821.169921875,2813.360107421875,2825.830078125,2805.85009765625,3501350000
1878,2018-07-31,2809.72998046875,2816.2900390625,2824.4599609375,2808.06005859375,3906890000
1879,2018-07-30,2819.0,2802.60009765625,2821.739990234375,2798.110107421875,3261190000
1880,2018-07-27,2842.35009765625,2818.820068359375,2843.169921875,2808.340087890625,3434370000
1881,2018-07-26,2835.489990234375,2837.43994140625,2845.570068359375,2835.260009765625,3667290000
1882,2018-07-25,2817.72998046875,2846.070068359375,2848.030029296875,2817.72998046875,3584400000
1883,2018-07-24,2820.679931640625,2820.39990234375,2829.989990234375,2811.1201171875,3430410000
1884,2018-07-23,2799.169921875,2806.97998046875,2808.610107421875,2795.139892578125,2928490000
1885,2018-07-20,2804.550048828125,2801.830078125,2809.699951171875,2800.010009765625,3243250000
1886,2018-07-19,2809.3701171875,2804.489990234375,2812.050048828125,2799.77001953125,3278360000
1887,2018-07-18,2811.35009765625,2815.6201171875,2816.760009765625,2805.889892578125,3111560000
1888,2018-07-17,2789.340087890625,2809.550048828125,2814.18994140625,2789.239990234375,3064920000
1889,2018-07-16,2797.360107421875,2798.429931640625,2801.18994140625,2793.389892578125,2819860000
1890,2018-07-13,2796.929931640625,2801.31005859375,2804.530029296875,2791.68994140625,2619790000
1891,2018-07-12,2783.139892578125,2798.2900390625,2799.219970703125,2781.530029296875,2834230000
1892,2018-07-11,2779.820068359375,2774.02001953125,2785.909912109375,2770.77001953125,2986180000
1893,2018-07-10,2788.56005859375,2793.840087890625,2795.580078125,2786.239990234375,3080140000
1894,2018-07-09,2775.6201171875,2784.169921875,2784.64990234375,2770.72998046875,3070060000
1895,2018-07-06,2737.679931640625,2759.820068359375,2764.409912109375,2733.52001953125,2590250000
1896,2018-07-05,2724.18994140625,2736.610107421875,2737.830078125,2716.02001953125,2980160000
1897,2018-07-03,2733.27001953125,2713.219970703125,2736.580078125,2711.159912109375,1911460000
1898,2018-07-02,2704.949951171875,2726.7099609375,2727.260009765625,2698.949951171875,3095040000
1899,2018-06-29,2727.1298828125,2718.3701171875,2743.260009765625,2718.030029296875,3586800000
1900,2018-06-28,2698.68994140625,2716.31005859375,2724.340087890625,2691.989990234375,3461100000
1901,2018-06-27,2728.449951171875,2699.6298828125,2746.090087890625,2699.3798828125,3803990000
1902,2018-06-26,2722.1201171875,2723.06005859375,2732.909912109375,2715.60009765625,3568900000
1903,2018-06-25,2742.93994140625,2717.070068359375,2742.93994140625,2698.669921875,3663280000
1904,2018-06-22,2760.7900390625,2754.8798828125,2764.169921875,2752.679931640625,5468110000
1905,2018-06-21,2769.280029296875,2749.760009765625,2769.280029296875,2744.389892578125,3336580000
1906,2018-06-20,2769.72998046875,2767.320068359375,2774.860107421875,2763.909912109375,3332140000
1907,2018-06-19,2752.010009765625,2762.590087890625,2765.050048828125,2743.18994140625,3671160000
1908,2018-06-18,2765.7900390625,2773.75,2774.989990234375,2757.1201171875,3316120000
1909,2018-06-15,2777.780029296875,2779.659912109375,2782.81005859375,2761.72998046875,5451990000
1910,2018-06-14,2783.2099609375,2782.489990234375,2789.06005859375,2776.52001953125,3540930000
1911,2018-06-13,2787.93994140625,2775.6298828125,2791.469970703125,2774.64990234375,3820770000
1912,2018-06-12,2785.60009765625,2786.85009765625,2789.800048828125,2778.780029296875,3435700000
1913,2018-06-11,2780.179931640625,2782.0,2790.2099609375,2780.169921875,3262130000
1914,2018-06-08,2765.840087890625,2779.030029296875,2779.389892578125,2763.590087890625,3138850000
1915,2018-06-07,2774.840087890625,2770.3701171875,2779.89990234375,2760.159912109375,3742080000
1916,2018-06-06,2753.25,2772.35009765625,2772.389892578125,2748.4599609375,3662780000
1917,2018-06-05,2748.4599609375,2748.800048828125,2752.610107421875,2739.510009765625,3523550000
1918,2018-06-04,2741.669921875,2746.8701171875,2749.159912109375,2740.5400390625,3410090000
1919,2018-06-01,2718.699951171875,2734.6201171875,2736.929931640625,2718.699951171875,3694310000
1920,2018-05-31,2720.97998046875,2705.27001953125,2722.5,2700.679931640625,4241100000
1921,2018-05-30,2702.429931640625,2724.010009765625,2729.340087890625,2702.429931640625,3566490000
1922,2018-05-29,2705.110107421875,2689.860107421875,2710.669921875,2676.81005859375,3743310000
1923,2018-05-25,2723.60009765625,2721.330078125,2727.360107421875,2714.989990234375,3015260000
1924,2018-05-24,2730.93994140625,2727.760009765625,2731.969970703125,2707.3798828125,3285750000
1925,2018-05-23,2713.97998046875,2733.2900390625,2733.330078125,2709.5400390625,3333160000
1926,2018-05-22,2738.340087890625,2724.43994140625,2742.239990234375,2721.8798828125,3384140000
1927,2018-05-21,2735.389892578125,2733.010009765625,2739.18994140625,2725.699951171875,3053480000
1928,2018-05-18,2717.35009765625,2712.969970703125,2719.5,2709.179931640625,3383270000
1929,2018-05-17,2719.7099609375,2720.1298828125,2731.9599609375,2711.360107421875,3478150000
1930,2018-05-16,2712.6201171875,2722.4599609375,2727.760009765625,2712.169921875,3248480000
1931,2018-05-15,2718.590087890625,2711.449951171875,2718.590087890625,2701.909912109375,3291190000
1932,2018-05-14,2738.469970703125,2730.1298828125,2742.10009765625,2725.469970703125,2994360000
1933,2018-05-11,2722.699951171875,2727.719970703125,2732.860107421875,2717.449951171875,2874850000
1934,2018-05-10,2705.02001953125,2723.070068359375,2726.110107421875,2704.5400390625,3380640000
1935,2018-05-09,2678.1201171875,2697.7900390625,2701.27001953125,2674.139892578125,3913650000
1936,2018-05-08,2670.260009765625,2671.919921875,2676.340087890625,2655.199951171875,3745100000
1937,2018-05-07,2680.340087890625,2672.6298828125,2683.35009765625,2664.699951171875,3266810000
1938,2018-05-04,2621.449951171875,2663.419921875,2670.929931640625,2615.320068359375,3335260000
1939,2018-05-03,2628.080078125,2629.72998046875,2637.139892578125,2594.6201171875,3867530000
1940,2018-05-02,2654.239990234375,2635.669921875,2660.8701171875,2631.699951171875,4047020000
1941,2018-05-01,2642.9599609375,2654.800048828125,2655.27001953125,2625.409912109375,3562820000
1942,2018-04-30,2682.510009765625,2648.050048828125,2682.8701171875,2648.0400390625,3749510000
1943,2018-04-27,2675.469970703125,2669.909912109375,2677.35009765625,2659.010009765625,3234510000
1944,2018-04-26,2651.64990234375,2666.93994140625,2676.47998046875,2647.159912109375,3690920000
1945,2018-04-25,2634.919921875,2639.39990234375,2645.300048828125,2612.669921875,3563680000
1946,2018-04-24,2680.800048828125,2634.56005859375,2683.550048828125,2617.320068359375,3716020000
1947,2018-04-23,2675.39990234375,2670.2900390625,2682.860107421875,2657.989990234375,3030390000
1948,2018-04-20,2692.56005859375,2670.139892578125,2693.93994140625,2660.610107421875,3428260000
1949,2018-04-19,2701.159912109375,2693.1298828125,2702.840087890625,2681.89990234375,3375120000
1950,2018-04-18,2710.110107421875,2708.639892578125,2717.489990234375,2703.6298828125,3412030000
1951,2018-04-17,2692.739990234375,2706.389892578125,2713.340087890625,2692.050048828125,3286190000
1952,2018-04-16,2670.10009765625,2677.840087890625,2686.489990234375,2665.159912109375,3020740000
1953,2018-04-13,2676.89990234375,2656.300048828125,2680.260009765625,2645.050048828125,2988540000
1954,2018-04-12,2653.830078125,2663.989990234375,2674.719970703125,2653.830078125,3045330000
1955,2018-04-11,2643.889892578125,2642.18994140625,2661.429931640625,2639.25,3054520000
1956,2018-04-10,2638.409912109375,2656.8701171875,2665.449951171875,2635.780029296875,3579130000
1957,2018-04-09,2617.179931640625,2613.159912109375,2653.550048828125,2610.7900390625,3076140000
1958,2018-04-06,2645.820068359375,2604.469970703125,2656.8798828125,2586.27001953125,3312390000
1959,2018-04-05,2657.360107421875,2662.840087890625,2672.080078125,2649.580078125,3230430000
1960,2018-04-04,2584.0400390625,2644.68994140625,2649.860107421875,2573.610107421875,3369230000
1961,2018-04-03,2592.169921875,2614.449951171875,2619.139892578125,2575.489990234375,3395840000
1962,2018-04-02,2633.449951171875,2581.8798828125,2638.300048828125,2553.800048828125,3635780000
1963,2018-03-29,2614.409912109375,2640.8701171875,2659.070068359375,2609.719970703125,3572360000
1964,2018-03-28,2611.300048828125,2605.0,2632.64990234375,2593.06005859375,3875720000
1965,2018-03-27,2667.570068359375,2612.6201171875,2674.780029296875,2596.1201171875,3761320000
1966,2018-03-26,2619.35009765625,2658.550048828125,2661.360107421875,2601.81005859375,3538080000
1967,2018-03-23,2646.7099609375,2588.260009765625,2657.669921875,2585.889892578125,3829380000
1968,2018-03-22,2691.360107421875,2643.68994140625,2695.679931640625,2641.590087890625,3765460000
1969,2018-03-21,2714.989990234375,2711.929931640625,2739.139892578125,2709.7900390625,3434780000
1970,2018-03-20,2715.050048828125,2716.93994140625,2724.219970703125,2710.050048828125,3272590000
1971,2018-03-19,2741.3798828125,2712.919921875,2741.3798828125,2694.590087890625,3327460000
1972,2018-03-16,2750.570068359375,2752.010009765625,2761.85009765625,2749.969970703125,5429140000
1973,2018-03-15,2754.27001953125,2747.330078125,2763.030029296875,2741.469970703125,3543710000
1974,2018-03-14,2774.06005859375,2749.47998046875,2777.110107421875,2744.3798828125,3394630000
1975,2018-03-13,2792.31005859375,2765.31005859375,2801.89990234375,2758.679931640625,3324290000
1976,2018-03-12,2790.5400390625,2783.02001953125,2796.97998046875,2779.260009765625,3216960000
1977,2018-03-09,2752.909912109375,2786.570068359375,2786.570068359375,2751.5400390625,3376870000
1978,2018-03-08,2732.75,2738.969970703125,2740.449951171875,2722.64990234375,3206040000
1979,2018-03-07,2710.179931640625,2726.800048828125,2730.60009765625,2701.739990234375,3406690000
1980,2018-03-06,2730.179931640625,2728.1201171875,2732.080078125,2711.260009765625,3389030000
1981,2018-03-05,2681.06005859375,2720.93994140625,2728.090087890625,2675.75,3733640000
1982,2018-03-02,2658.889892578125,2691.25,2696.25,2647.320068359375,3891250000
1983,2018-03-01,2715.219970703125,2677.669921875,2730.889892578125,2659.64990234375,4514490000
1984,2018-02-28,2753.780029296875,2713.830078125,2761.52001953125,2713.5400390625,4244570000
1985,2018-02-27,2780.449951171875,2744.280029296875,2789.14990234375,2744.219970703125,3752070000
1986,2018-02-26,2757.3701171875,2779.60009765625,2780.639892578125,2753.780029296875,3436590000
1987,2018-02-23,2715.800048828125,2747.300048828125,2747.760009765625,2713.739990234375,3200360000
1988,2018-02-22,2710.419921875,2703.9599609375,2731.260009765625,2697.77001953125,3720620000
1989,2018-02-21,2720.530029296875,2701.330078125,2747.75,2701.2900390625,3789040000
1990,2018-02-20,2722.989990234375,2716.260009765625,2737.60009765625,2706.760009765625,3646920000
1991,2018-02-16,2727.139892578125,2732.219970703125,2754.419921875,2725.110107421875,3646920000
1992,2018-02-15,2713.4599609375,2731.199951171875,2731.510009765625,2689.820068359375,3696140000
1993,2018-02-14,2651.2099609375,2698.6298828125,2702.10009765625,2648.8701171875,4011940000
1994,2018-02-13,2646.27001953125,2662.93994140625,2668.840087890625,2637.080078125,3503540000
1995,2018-02-12,2636.75,2656.0,2672.610107421875,2622.449951171875,4069220000
1996,2018-02-09,2601.780029296875,2619.550048828125,2638.669921875,2532.68994140625,5690110000
1997,2018-02-08,2685.010009765625,2581.0,2685.27001953125,2580.56005859375,5333840000
1998,2018-02-07,2690.949951171875,2681.659912109375,2727.669921875,2681.330078125,4646300000
1999,2018-02-06,2614.780029296875,2695.139892578125,2701.0400390625,2593.070068359375,5917350000
2000,2018-02-05,2741.06005859375,2648.93994140625,2763.389892578125,2638.169921875,5310840000
2001,2018-02-02,2808.919921875,2762.1298828125,2808.919921875,2759.969970703125,4340220000
2002,2018-02-01,2816.449951171875,2821.97998046875,2835.9599609375,2812.699951171875,3977380000
2003,2018-01-31,2832.409912109375,2823.81005859375,2839.260009765625,2813.0400390625,4276270000
2004,2018-01-30,2832.739990234375,2822.429931640625,2837.75,2818.27001953125,4012070000
2005,2018-01-29,2867.22998046875,2853.530029296875,2870.6201171875,2851.47998046875,3587420000
2006,2018-01-26,2847.47998046875,2872.8701171875,2872.8701171875,2846.179931640625,3474680000
2007,2018-01-25,2846.239990234375,2839.25,2848.56005859375,2830.93994140625,3873100000
2008,2018-01-24,2845.419921875,2837.5400390625,2852.969970703125,2824.81005859375,4079270000
2009,2018-01-23,2835.050048828125,2839.1298828125,2842.239990234375,2830.590087890625,3541140000
2010,2018-01-22,2809.159912109375,2832.969970703125,2833.030029296875,2808.1201171875,3489480000
2011,2018-01-19,2802.60009765625,2810.300048828125,2810.330078125,2798.080078125,3724230000
2012,2018-01-18,2802.39990234375,2798.030029296875,2805.830078125,2792.56005859375,3703300000
2013,2018-01-17,2784.989990234375,2802.56005859375,2807.0400390625,2778.3798828125,3790340000
2014,2018-01-16,2798.9599609375,2776.419921875,2807.5400390625,2768.639892578125,4362880000
2015,2018-01-12,2770.179931640625,2786.239990234375,2787.85009765625,2769.639892578125,3587220000
2016,2018-01-11,2752.969970703125,2767.56005859375,2767.56005859375,2752.780029296875,3645690000
2017,2018-01-10,2745.550048828125,2748.22998046875,2750.800048828125,2736.06005859375,3579900000
2018,2018-01-09,2751.14990234375,2751.2900390625,2759.139892578125,2747.860107421875,3467460000
2019,2018-01-08,2742.669921875,2747.7099609375,2748.510009765625,2737.60009765625,3246160000
2020,2018-01-05,2731.330078125,2743.14990234375,2743.449951171875,2727.919921875,3239280000
2021,2018-01-04,2719.31005859375,2723.989990234375,2729.2900390625,2719.070068359375,3697340000
2022,2018-01-03,2697.85009765625,2713.06005859375,2714.3701171875,2697.77001953125,3544030000
2023,2018-01-02,2683.72998046875,2695.81005859375,2695.889892578125,2682.360107421875,3397430000
2024,2017-12-29,2689.14990234375,2673.610107421875,2692.1201171875,2673.610107421875,2447760000
2025,2017-12-28,2686.10009765625,2687.5400390625,2687.659912109375,2682.68994140625,2174890000
2026,2017-12-27,2682.10009765625,2682.6201171875,2685.639892578125,2678.909912109375,2202900000
2027,2017-12-26,2679.090087890625,2680.5,2682.739990234375,2677.9599609375,1970660000
2028,2017-12-22,2684.219970703125,2683.340087890625,2685.35009765625,2678.1298828125,2401030000
2029,2017-12-21,2683.02001953125,2684.570068359375,2692.639892578125,2682.39990234375,3293130000
2030,2017-12-20,2688.179931640625,2679.25,2691.010009765625,2676.110107421875,3246230000
2031,2017-12-19,2692.7099609375,2681.469970703125,2694.43994140625,2680.739990234375,3407680000
2032,2017-12-18,2685.919921875,2690.159912109375,2694.969970703125,2685.919921875,3727770000
2033,2017-12-15,2660.6298828125,2675.81005859375,2679.6298828125,2659.139892578125,5736910000
2034,2017-12-14,2665.8701171875,2652.010009765625,2668.090087890625,2652.010009765625,3442760000
2035,2017-12-13,2667.590087890625,2662.85009765625,2671.8798828125,2662.85009765625,3568360000
2036,2017-12-12,2661.72998046875,2664.110107421875,2669.719970703125,2659.780029296875,3568910000
2037,2017-12-11,2652.18994140625,2659.989990234375,2660.330078125,2651.469970703125,3141480000
2038,2017-12-08,2646.2099609375,2651.5,2651.64990234375,2644.10009765625,3126750000
2039,2017-12-07,2628.3798828125,2636.97998046875,2640.989990234375,2626.530029296875,3297060000
2040,2017-12-06,2626.239990234375,2629.27001953125,2634.409912109375,2624.75,3253080000
2041,2017-12-05,2639.780029296875,2629.570068359375,2648.719970703125,2627.72998046875,3547570000
2042,2017-12-04,2657.18994140625,2639.43994140625,2665.18994140625,2639.030029296875,4025840000
2043,2017-12-01,2645.10009765625,2642.219970703125,2650.6201171875,2605.52001953125,3950930000
2044,2017-11-30,2633.929931640625,2647.580078125,2657.739990234375,2633.929931640625,4965700000
2045,2017-11-29,2627.820068359375,2626.070068359375,2634.889892578125,2620.320068359375,4090630000
2046,2017-11-28,2605.93994140625,2627.0400390625,2627.68994140625,2605.43994140625,3493340000
2047,2017-11-27,2602.659912109375,2601.419921875,2606.409912109375,2598.8701171875,3017720000
2048,2017-11-24,2600.419921875,2602.419921875,2604.2099609375,2600.419921875,1385890000
2049,2017-11-22,2600.31005859375,2597.080078125,2600.93994140625,2595.22998046875,2764110000
2050,2017-11-21,2589.169921875,2599.030029296875,2601.18994140625,2589.169921875,3351230000
2051,2017-11-20,2579.489990234375,2582.139892578125,2584.639892578125,2578.239990234375,3023940000
2052,2017-11-17,2582.93994140625,2578.85009765625,2583.9599609375,2577.6201171875,3309800000
2053,2017-11-16,2572.949951171875,2585.639892578125,2590.090087890625,2572.949951171875,3329730000
2054,2017-11-15,2569.449951171875,2564.6201171875,2572.840087890625,2557.449951171875,3586590000
2055,2017-11-14,2577.75,2578.8701171875,2579.659912109375,2566.56005859375,3643580000
2056,2017-11-13,2576.530029296875,2584.840087890625,2587.659912109375,2574.47998046875,3405200000
2057,2017-11-10,2580.179931640625,2582.300048828125,2583.81005859375,2575.570068359375,3489740000
2058,2017-11-09,2584.0,2584.6201171875,2586.5,2566.330078125,3844100000
2059,2017-11-08,2588.7099609375,2594.3798828125,2595.469970703125,2585.02001953125,3898450000
2060,2017-11-07,2592.110107421875,2590.639892578125,2597.02001953125,2584.35009765625,3815190000
2061,2017-11-06,2587.469970703125,2591.1298828125,2593.3798828125,2585.659912109375,3541970000
2062,2017-11-03,2581.929931640625,2587.840087890625,2588.419921875,2576.77001953125,3568710000
2063,2017-11-02,2579.4599609375,2579.85009765625,2581.110107421875,2566.169921875,4050140000
2064,2017-11-01,2583.2099609375,2579.360107421875,2588.39990234375,2574.919921875,3841200000
2065,2017-10-31,2575.989990234375,2575.260009765625,2578.2900390625,2572.14990234375,3844420000
2066,2017-10-30,2577.75,2572.830078125,2580.030029296875,2568.25,3660230000
2067,2017-10-27,2570.260009765625,2581.070068359375,2582.97998046875,2565.93994140625,3896100000
2068,2017-10-26,2560.080078125,2560.39990234375,2567.070068359375,2559.800048828125,3891750000
2069,2017-10-25,2566.52001953125,2557.14990234375,2567.39990234375,2544.0,3885470000
2070,2017-10-24,2568.659912109375,2569.1298828125,2572.179931640625,2565.580078125,3435660000
2071,2017-10-23,2578.080078125,2564.97998046875,2578.2900390625,2564.330078125,3214470000
2072,2017-10-20,2567.56005859375,2575.2099609375,2575.43994140625,2567.56005859375,3394450000
2073,2017-10-19,2553.389892578125,2562.10009765625,2562.360107421875,2547.919921875,3019520000
2074,2017-10-18,2562.8701171875,2561.260009765625,2564.110107421875,2559.669921875,2999320000
2075,2017-10-17,2557.169921875,2559.360107421875,2559.7099609375,2554.68994140625,2901890000
2076,2017-10-16,2555.570068359375,2557.639892578125,2559.469970703125,2552.639892578125,2918030000
2077,2017-10-13,2555.659912109375,2553.169921875,2557.64990234375,2552.090087890625,3150470000
2078,2017-10-12,2552.8798828125,2550.929931640625,2555.330078125,2548.31005859375,3157280000
2079,2017-10-11,2550.6201171875,2555.239990234375,2555.239990234375,2547.949951171875,2991320000
2080,2017-10-10,2549.989990234375,2550.639892578125,2555.22998046875,2544.860107421875,2962610000
2081,2017-10-09,2551.389892578125,2544.72998046875,2551.820068359375,2541.60009765625,2486940000
2082,2017-10-06,2547.43994140625,2549.330078125,2549.409912109375,2543.7900390625,2898270000
2083,2017-10-05,2540.860107421875,2552.070068359375,2552.510009765625,2540.02001953125,3059730000
2084,2017-10-04,2533.47998046875,2537.739990234375,2540.530029296875,2531.800048828125,3020770000
2085,2017-10-03,2530.340087890625,2534.580078125,2535.1298828125,2528.85009765625,3073480000
2086,2017-10-02,2521.199951171875,2529.1201171875,2529.22998046875,2520.39990234375,3226370000
2087,2017-09-29,2509.9599609375,2519.360107421875,2519.43994140625,2507.989990234375,3220260000
2088,2017-09-28,2503.409912109375,2510.06005859375,2510.81005859375,2502.929931640625,3173030000
2089,2017-09-27,2503.300048828125,2507.0400390625,2511.75,2495.909912109375,3485070000
2090,2017-09-26,2501.0400390625,2496.840087890625,2503.510009765625,2495.1201171875,3070770000
2091,2017-09-25,2499.389892578125,2496.659912109375,2502.5400390625,2488.030029296875,3314530000
2092,2017-09-22,2497.260009765625,2502.219970703125,2503.469970703125,2496.5400390625,2877980000
2093,2017-09-21,2507.159912109375,2500.60009765625,2507.159912109375,2499.0,2965590000
2094,2017-09-20,2506.840087890625,2508.239990234375,2508.85009765625,2496.669921875,3584570000
2095,2017-09-19,2506.2900390625,2506.64990234375,2507.840087890625,2503.18994140625,3253760000
2096,2017-09-18,2502.510009765625,2503.8701171875,2508.320068359375,2499.919921875,3204700000
2097,2017-09-15,2495.669921875,2500.22998046875,2500.22998046875,2493.159912109375,4862970000
2098,2017-09-14,2494.56005859375,2495.6201171875,2498.429931640625,2491.35009765625,3422470000
2099,2017-09-13,2493.889892578125,2498.3701171875,2498.3701171875,2492.139892578125,3371370000
2100,2017-09-12,2491.93994140625,2496.47998046875,2496.77001953125,2490.3701171875,3234280000
2101,2017-09-11,2474.52001953125,2488.110107421875,2488.949951171875,2474.52001953125,3293460000
2102,2017-09-08,2462.25,2461.429931640625,2467.110107421875,2459.39990234375,3308360000
2103,2017-09-07,2468.06005859375,2465.10009765625,2468.6201171875,2460.2900390625,3365780000
2104,2017-09-06,2463.830078125,2465.5400390625,2469.639892578125,2459.199951171875,3400200000
2105,2017-09-05,2470.35009765625,2457.85009765625,2471.969970703125,2446.550048828125,3502190000
2106,2017-09-01,2474.419921875,2476.550048828125,2480.3798828125,2473.85009765625,2712780000
2107,2017-08-31,2462.64990234375,2471.64990234375,2475.010009765625,2462.64990234375,3353860000
2108,2017-08-30,2446.06005859375,2457.590087890625,2460.31005859375,2443.77001953125,2637780000
2109,2017-08-29,2431.93994140625,2446.300048828125,2449.18994140625,2428.199951171875,2739460000
2110,2017-08-28,2447.35009765625,2444.239990234375,2449.1201171875,2439.030029296875,2682920000
2111,2017-08-25,2444.719970703125,2443.050048828125,2453.9599609375,2442.219970703125,2593350000
2112,2017-08-24,2447.909912109375,2438.969970703125,2450.389892578125,2436.18994140625,2849680000
2113,2017-08-23,2444.8798828125,2444.0400390625,2448.909912109375,2441.419921875,2796950000
2114,2017-08-22,2433.75,2452.510009765625,2454.77001953125,2433.669921875,2780990000
2115,2017-08-21,2425.5,2428.3701171875,2430.580078125,2417.35009765625,2803650000
2116,2017-08-18,2427.639892578125,2425.550048828125,2440.27001953125,2420.68994140625,3426970000
2117,2017-08-17,2462.949951171875,2430.010009765625,2465.02001953125,2430.010009765625,3164950000
2118,2017-08-16,2468.6298828125,2468.110107421875,2474.929931640625,2463.860107421875,2956570000
2119,2017-08-15,2468.659912109375,2464.610107421875,2468.89990234375,2461.610107421875,2922430000
2120,2017-08-14,2454.9599609375,2465.840087890625,2468.219970703125,2454.9599609375,2824320000
2121,2017-08-11,2441.0400390625,2441.320068359375,2448.090087890625,2437.85009765625,3161830000
2122,2017-08-10,2465.3798828125,2438.2099609375,2465.3798828125,2437.75,3635820000
2123,2017-08-09,2465.35009765625,2474.02001953125,2474.409912109375,2462.080078125,3310960000
2124,2017-08-08,2478.35009765625,2474.919921875,2490.8701171875,2470.320068359375,3347480000
2125,2017-08-07,2477.139892578125,2480.909912109375,2480.949951171875,2475.8798828125,2935130000
2126,2017-08-04,2476.8798828125,2476.830078125,2480.0,2472.080078125,3239980000
2127,2017-08-03,2476.030029296875,2472.159912109375,2476.030029296875,2468.85009765625,3662410000
2128,2017-08-02,2480.3798828125,2477.570068359375,2480.3798828125,2466.47998046875,3487150000
2129,2017-08-01,2477.10009765625,2476.35009765625,2478.510009765625,2471.139892578125,3470260000
2130,2017-07-31,2475.93994140625,2470.300048828125,2477.9599609375,2468.530029296875,3475930000
2131,2017-07-28,2469.1201171875,2472.10009765625,2473.530029296875,2464.659912109375,3302850000
